1.070765668247374
0.8710617257290363
1.0639837360792308
1.0490822678647316
1.0236928332913267
1.0579527944734426
1.0615537781813236
1.0621863029760688
1.0686125584799802
1.0885809125230466
1.0833932801958845
1.074897941753222
1.0722599659692256
1.0431439561162412
1.0596424730357785
1.0665684697043012
1.0479884367081398
1.0566212214932553
1.0795437707037139
1.1011370298786096
1.0357236486690755
0.9546149606160541
0.9176207288297804
0.913971421303371
0.9018098393967335
0.8906317415891674
0.881490813220805
0.8852352726224424
0.91121450881353
0.9049413650963757
0.9006459878058666
0.9280759659509493
1.0024453037536587
1.043373018065505
1.0917379575589776
1.1690799528835263
1.2376283693900698
1.295049060212637
1.3187387790529899
1.2990434770275259
1.241990545856818
1.1793817170960352
1.0831545164370977
0.9667859833147083
0.8517568250107078
0.7624101342548075
0.7037456070397139
0.6718087302499736
0.6542239538294876
0.6423975854063093
0.629532449752481
0.6159310850252137
0.6129135318689083
0.6157564452596347
0.6252480736150436
0.6506721655143908
0.6954663482480753
0.7905801909911458
0.9494102170689933
1.1365948647368092
1.4299214283381094
1.9901063005678232
2.816057190159857
2.9935965901904864
2.256167460569993
1.6143459215674416
1.1825533772199481
0.9315143287191064
0.7531804987000078
0.6352349190443306
0.5678483939843226
0.5241747844386045
0.4954099553356878
0.4763202837301849
0.4671413115265343
0.4571913751360342
0.4496356098231721
0.45376844629476976
0.46751177851170483
0.4892240858552987
0.52518724710215
0.5691111407185049
0.6232042941285871
0.7039340417128711
0.8094075875662511
0.8905253433421398
0.9646123981072123
1.015342333989641
0.9710723527579478
0.83363141361037
0.7114497545361596
0.6164892874013183
0.534752220460664
0.4845735064525769
0.4446637763841404
0.4101637804260618
0.3818483580835936
0.360953621185243
0.3490104132188006
0.3434858502554975
0.34291987556869247
0.34714635316842135
0.35628707964017864
0.3749741953165868
0.39833160897253217
0.4192985913358378
0.44618235716660637
0.47188274657725704
0.4908509565878119
0.5019803385324746
0.5040726169470188
0.494447808245953
0.47287686366348125
0.44586675183375335
0.4251662951413076
0.40548245025078467
0.3816556611565822
0.3521659042467806
0.3321804009048762
0.3224372976257232
0.31359350547415454
0.30685774752506195
0.3039546130422779
0.3066119754946801
0.31511827293337563
0.32694970935935264
0.33702232241991065
0.3488146931965755
0.3697086212636074
0.39328838507465425
0.4153964083819376
0.43366294860730675
0.44804093313173576
0.45426447055012126
0.4531674072993293
0.4485270336640407
0.4372924466042985
0.4214378719712194
0.40865674078429615
0.39756052611750725
0.3827839630130226
0.36889234377666985
0.36050282057691385
0.35576286401242707
0.3542495559989375
0.3565813845904046
0.36033976652384936
0.36778221101336817
0.3759314562092886
0.38861154770234646
0.40951967092490166
0.4277191223322309
0.44881431573132247
0.47071568181047724
0.4892568061465741
0.5102464056069982
0.5257855749850028
0.5445091753148718
0.5566198205811407
0.5568138895188899
0.5508821076974345
0.5392941779442302
0.5227676046679869
0.5065860853761109
0.49488998708734855
0.48690204665071973
0.47819900374290003
0.4668947908638584
0.45878442618122844
0.45578357129200253
0.45400301705332125
0.4554164011040706
0.4652946081387216
0.4823459840458835
0.5026335864344218
0.5261489002667844
0.5480354689304484
0.5906328498724093
0.6407058170017972
0.6789044682086096
0.7411541271423322
0.8021556872780231
0.8344660399273774
0.8590946355186231
0.8653836128008715
0.8643878763995252
0.8502056855966892
0.8240596832400386
0.8016940622251935
0.7661806706713649
0.731827402232786
0.7125390443865787
0.6969613051167795
0.6765516446814202
0.6624584848948206
0.6566873750880756
0.653293996153462
0.6517167755641378
0.6583527697064928
0.6685881377860865
0.6835317101377308
0.7156441662625012
0.7589421390306083
0.797551372954831
0.8425751900128965
0.8989978787639703
0.9703058884965831
1.1016947029880586
1.2717702661016417
1.4195760609133439
1.5789146958959677
1.7246805552959503
1.827295004724969
1.8525747130646222
1.7545213890651163
1.6427015502444489
1.5184785693367244
1.4010662352432497
1.2966079108633928
1.2058927024218038
1.1300786419232631
1.0407044827697356
0.9711999849298013
0.9415831260589711
0.9238653244603418
0.9126592650585587
0.9076296337584858
0.9077341344971495
0.9096172065712456
0.9139210218197843
0.9238653244603419
0.9444058465122567
0.9726546491368453
1.0096216781803307
1.057568890235037
1.1206207684812868
1.2067259913645756
1.314645523660642
1.4276069941579406
1.5715636845840872
1.6250198374111597
1.597749414205943
1.539957257889881
1.446134433129827
1.3222350550936877
1.2086725721972855
1.1229454686270455
1.1229454686270455
1.055987231613989
1.0001350948661674
0.9502954874561245
0.905021021573236
0.8669791774442838
0.8354273077034875
0.8120049318156727
0.7959919341004899
0.7881496136340153
0.7916052521265742
0.8004950799776354
0.8211238506690544
0.8498820699716928
0.8865610904575364
0.9285572109947359
0.9680742468804407
1.0016330981067842
1.0350436540223946
1.0350436540223946
1.0728985713460197
1.1083034036939905
1.1274795331713443
1.1152151663950884
1.0687070319314802
1.0182599604894182
0.9698591489951535
0.9183509233590024
0.8610109347667012
0.8610109347667012
0.8131275333736608
0.7767990164091649
0.7419227135917115
0.7134419910015163
0.69431838789378
0.6823523113608435
0.6755518178883526
0.6755518178883526
0.6764857722198448
0.6836891172518351
0.6918447775725005
0.7118011199559027
0.7371547477082064
0.7371547477082064
0.7587674062626564
0.7925171461808066
0.8377388707331492
0.8789388618060617
0.901381555307968
0.901381555307968
0.9129745408444283
0.9177167680698156
0.920573919764884
0.9118190617983725
0.9118190617983725
0.8772202873566018
0.8198014214307627
0.7649951239612125
0.7275430007594854
0.7275430007594854
0.6970415503715595
0.6693583215941624
0.6449984440765549
0.616536321601079
0.616536321601079
0.5917777973021925
0.5764460491932057
0.5717532829906766
0.5755839390539089
0.5755839390539089
0.5814450357929787
0.580909751669544
0.5844652125399157
0.5844652125399157
0.6020168777065918
0.6391586444197358
0.6866867491603588
0.6866867491603588
0.7224514498854845
0.7482705743696972
0.7667586198503739
0.7667586198503739
0.7745664236154459
0.776709589265332
0.7674651559595297
0.7674651559595297
0.7277105430145652
0.6567629833683847
0.6567629833683847
0.5805754493650708
0.5138172341169962
0.4608490186171193
0.4608490186171193
0.41658983332461175
0.3742042080635738
0.3742042080635738
0.3321686695456378
0.2968647738359804
0.2712430798686056
0.2712430798686056
0.25401459280940336
0.24909136181393918
0.24909136181393918
0.2510490989627761
0.25802314649803476
0.25802314649803476
0.2622760697035759
0.26696766745206685
0.27274617389913597
0.27274617389913597
0.27679527163176854
0.2878781260622891
0.2878781260622891
0.30248835978391797
0.31225447206246953
0.31225447206246953
0.3191969015480169
0.3220020725299619
0.3220020725299619
0.32460758751536767
0.32633125186493855
0.32633125186493855
0.3281773977471575
0.33007198654009856
0.33007198654009856
0.33129025944107765
0.33690593913340766
0.33690593913340766
0.3454288979171177
0.3557612701637815
0.3557612701637815
0.3637128684350431
0.3637128684350431
0.3759747394091743
0.38695340001170997
0.38695340001170997
0.395647719664053
0.4059370272626867
0.4059370272626867
0.41947749609624635
0.4347690967454136
0.4347690967454136
0.4534283465256397
0.4534283465256397
0.4779238094833988
0.4972887872716086
0.4972887872716086
0.5123404754832394
0.5314454179684267
0.5314454179684267
0.5481616732898242
0.5481616732898242
0.5589316041447321
0.5695851617652513
0.5695851617652513
0.5806422944316615
0.5806422944316615
0.5889232051104025
0.6136329433453729
0.6136329433453729
0.6381292722018932
0.6381292722018932
0.6699751073881839
0.7021156718628014
0.7021156718628014
0.7430339660964493
0.7430339660964493
0.7830845706045177
0.8129403253938987
0.8129403253938987
0.857252315782423
0.857252315782423
0.9046043399424663
0.9046043399424663
0.9661813875040217
1.0134647947800124
1.0134647947800124
1.0461854289996266
1.0461854289996266
1.0660035893068875
1.0660035893068875
1.106263712579003
1.1532107097734463
1.1532107097734463
1.1521490524440015
1.1521490524440015
1.1645514138639002
1.1645514138639002
1.1844280037834078
1.201734881017786
1.201734881017786
1.2103435690834894
1.2103435690834894
1.2162102716886967
1.2162102716886967
1.2366837864125901
1.2366837864125901
1.2758765841073205
1.2758765841073205
1.3054452639398995
1.3086052761487368
1.3086052761487368
1.321169888808089
1.321169888808089
1.3503883015470124
1.3503883015470124
1.3859854368911093
1.3859854368911093
1.3818428858309681
1.3818428858309681
1.3680710946775678
1.3680710946775678
1.3867835039227476
1.4075332631512742
1.4075332631512742
1.4002599487765206
1.4002599487765206
1.4154960669679626
1.4154960669679626
1.4408164790371616
1.4408164790371616
1.474377406161358
1.474377406161358
1.4890478949970196
1.4890478949970196
1.490934852303935
1.490934852303935
1.5029989147163882
1.5029989147163882
1.5337644487103752
1.5337644487103752
1.5513459884005854
1.5513459884005854
1.5723841848008349
1.5723841848008349
1.5951762207235156
1.5951762207235156
1.6436474374920231
1.6436474374920231
1.6963234545793138
1.6963234545793138
1.7402380772309218
1.7402380772309218
1.7962164400388552
1.7962164400388552
1.8737371478276266
1.8737371478276266
1.9288953538066296
1.9288953538066296
1.9765539231131777
1.9765539231131777
2.0170128591224232
2.0170128591224232
2.068753124232772
2.068753124232772
2.1106132828906685
2.1106132828906685
2.1508427851359686
2.1508427851359686
2.1923438325252267
2.1923438325252267
2.2452187841296425
2.2452187841296425
2.3094505469792788
2.3094505469792788
2.403303765955115
2.403303765955115
2.5241122642138527
2.5241122642138527
2.5241122642138527
2.649467929683746
2.649467929683746
2.781369365793675
2.781369365793675
2.904414973016309
2.904414973016309
3.0269738352626283
3.0269738352626283
3.1449132262707327
3.1449132262707327
3.245328524606806
3.245328524606806
3.3416323527272813
3.3416323527272813
3.3416323527272813
3.390070008969272
3.390070008969272
3.451903664831311
3.451903664831311
3.504359616653797
3.504359616653797
3.5518831261890775
3.5518831261890775
3.6225022758653234
3.6225022758653234
3.6225022758653234
3.6720506840886338
3.6720506840886338
3.7244201446228744
3.7244201446228744
3.712860797675409
3.712860797675409
3.7312871028274044
3.7312871028274044
3.7312871028274044
3.770150325617814
3.770150325617814
3.7858087179940183
3.7858087179940183
3.7476469146147466
3.7476469146147466
3.7476469146147466
3.706881193414064
3.706881193414064
3.6762807232105996
3.6762807232105996
3.5868124371611474
3.5868124371611474
3.5088004254464096
3.5088004254464096
3.5088004254464096
3.4407939584934626
3.4407939584934626
3.3783813192408267
3.3783813192408267
3.2980608710676504
3.2980608710676504
3.2980608710676504
3.2237300460071485
3.2237300460071485
3.199327263998128
3.199327263998128
3.199327263998128
3.1619767117727497
3.1619767117727497
3.165619168357439
3.165619168357439
3.2174267405899326
3.2174267405899326
3.2174267405899326
3.262561199675573
3.262561199675573
3.251312150103677
3.251312150103677
3.251312150103677
3.246823397804186
3.246823397804186
3.2464496149634963
3.2464496149634963
3.1802310025398524
3.1802310025398524
3.1802310025398524
3.145999628421963
3.145999628421963
3.1846276904641835
3.1846276904641835
3.1846276904641835
3.2181676657738945
3.2181676657738945
3.223730046007149
3.223730046007149
3.223730046007149
3.262561199675583
3.262561199675583
3.3220691407847047
3.3220691407847047
3.3220691407847047
3.3003398778573327
3.3003398778573327
3.2531842946208704
3.2531842946208704
3.2531842946208704
3.2137246726551205
3.2137246726551205
3.2137246726551205
3.1049789981904263
3.1049789981904263
2.9919798680525944
2.9919798680525944
2.9919798680525944
2.964207945045555
2.964207945045555
2.9488906400689143
2.9488906400689143
2.9488906400689143
2.998186656496114
2.998186656496114
3.1092716497795005
3.1092716497795005
3.1092716497795005
3.1853610625181945
3.1853610625181945
3.1853610625181945
3.1886633272697638
3.1886633272697638
3.1993272639981307
3.1993272639981307
3.1993272639981307
3.1605209029226677
3.1605209029226677
3.1605209029226677
3.100692273023926
3.100692273023926
3.0518182584301754
3.0518182584301754
3.0518182584301754
3.0255801832215115
3.0255801832215115
3.0255801832215115
3.050061996164496
3.050061996164496
3.070143442776727
3.070143442776727
3.070143442776727
3.0786382932713674
3.0786382932713674
3.0786382932713674
3.101406316008594
3.101406316008594
3.1003353131822875
3.1003353131822875
3.1003353131822875
3.0772208543456285
3.0772208543456285
3.0772208543456285
3.005790219640706
3.005790219640706
3.005790219640706
2.9091001116121182
2.9091001116121182
2.9091001116121182
2.821036251075034
2.821036251075034
2.7736947659602262
2.7736947659602262
2.7736947659602262
2.722128778690937
2.722128778690937
2.722128778690937
2.714617640713909
2.714617640713909
2.714617640713909
2.7387895806983664
2.7387895806983664
2.7387895806983664
2.7530155661263724
2.7530155661263724
2.7717794271048057
2.7717794271048057
2.7717794271048057
2.7542836686160164
2.7542836686160164
2.7542836686160164
2.6931383669814117
2.6931383669814117
2.6931383669814117
2.6644567003899104
2.6644567003899104
2.6644567003899104
2.636080490810407
2.636080490810407
2.636080490810407
2.620647853136389
2.620647853136389
2.620647853136389
2.6718290469076296
2.6718290469076296
2.6718290469076296
2.7362682235799207
2.7362682235799207
2.7362682235799207
2.8366690286963343
2.8366690286963343
2.8366690286963343
2.9892254214197758
2.9892254214197758
2.9892254214197758
3.0712040158993723
3.0712040158993723
3.0712040158993723
3.156520883738594
3.156520883738594
3.23600114786684
3.23600114786684
3.23600114786684
3.2438343396654825
3.2438343396654825
3.2438343396654825
3.2438343396654825
3.3010998966948324
3.3010998966948324
3.3010998966948324
3.3528078680832514
3.3528078680832514
3.3528078680832514
3.3853896879648144
3.3853896879648144
3.3853896879648144
3.4766315497856293
3.4766315497856293
3.4766315497856293
3.571154725075286
3.571154725075286
3.571154725075286
3.6283457677160897
3.6283457677160897
3.6283457677160897
3.712005978301402
3.712005978301402
3.712005978301402
3.6979298388372475
3.6979298388372475
3.6979298388372475
3.6741650948980706
3.6741650948980706
3.6741650948980706
3.6287635205072686
3.6287635205072686
3.6287635205072686
3.551883126189081
3.551883126189081
3.551883126189081
3.551883126189081
3.5314955797170127
3.5314955797170127
3.5314955797170127
3.4958973099715394
3.4958973099715394
3.4958973099715394
3.460657878791855
3.460657878791855
3.460657878791855
3.465442258509479
3.465442258509479
3.465442258509479
3.4163209719434775
3.4163209719434775
3.4163209719434775
3.4135688516558833
3.4135688516558833
3.4135688516558833
3.4135688516558833
3.381105070297855
3.381105070297855
3.381105070297855
3.3881190893762394
3.3881190893762394
3.3881190893762394
3.3744940521289513
3.3744940521289513
3.3744940521289513
3.3834414618058006
3.3834414618058006
3.3834414618058006
3.3834414618058006
3.3826624853049334
3.3826624853049334
3.3826624853049334
3.3857794677933835
3.3857794677933835
3.3857794677933835
3.415141220229684
3.415141220229684
3.415141220229684
3.415141220229684
3.433275599697263
3.433275599697263
3.433275599697263
3.461454816463533
3.461454816463533
3.461454816463533
3.480636474753573
3.480636474753573
3.480636474753573
3.480636474753573
3.508800425446404
3.508800425446404
3.508800425446404
3.544938188545079
3.544938188545079
3.544938188545079
3.544938188545079
3.5457545347096544
3.5457545347096544
3.5457545347096544
3.534342776024716
3.534342776024716
3.534342776024716
3.5039561855669192
3.5039561855669192
3.5039561855669192
3.5039561855669192
3.5003273951255816
3.5003273951255816
3.5003273951255816
3.468635519108623
3.468635519108623
3.468635519108623
3.468635519108623
3.4384179629646687
3.4384179629646687
3.4384179629646687
3.3974937539998
3.3974937539998
3.3974937539998
3.3974937539998
3.311377297624614
3.311377297624614
3.311377297624614
3.233394289646285
3.233394289646285
3.233394289646285
3.233394289646285
3.1503489912717724
3.1503489912717724
3.1503489912717724
3.0761582034394377
3.0761582034394377
3.0761582034394377
3.0761582034394377
3.009599229301881
3.009599229301881
3.009599229301881
2.9336524860277335
2.9336524860277335
2.9336524860277335
2.9336524860277335
2.883425049240679
2.883425049240679
2.883425049240679
2.883425049240679
2.7797687416245918
2.7797687416245918
2.7797687416245918
2.72557832575157
2.72557832575157
2.72557832575157
2.72557832575157
2.6669118861828798
2.6669118861828798
2.6669118861828798
2.608006485154867
2.608006485154867
2.608006485154867
2.608006485154867
2.5398534998204823
2.5398534998204823
2.5398534998204823
2.5398534998204823
2.495793601607221
2.495793601607221
2.495793601607221
2.44544932084882
2.44544932084882
2.44544932084882
2.44544932084882
2.4030270913108174
2.4030270913108174
2.4030270913108174
2.4030270913108174
2.370056323575899
2.370056323575899
2.370056323575899
2.370056323575899
2.33646170356396
2.33646170356396
2.33646170356396
2.298045731606095
2.298045731606095
2.298045731606095
2.298045731606095
2.268342693924335
2.268342693924335
2.268342693924335
2.268342693924335
2.241602833912058
2.241602833912058
2.241602833912058
2.241602833912058
2.224122312535892
2.224122312535892
2.224122312535892
2.224122312535892
2.188813038014564
2.188813038014564
2.188813038014564
2.1754978929173903
2.1754978929173903
2.1754978929173903
2.1754978929173903
2.1316145058296825
2.1316145058296825
2.1316145058296825
2.1316145058296825
2.107214116353553
2.107214116353553
2.107214116353553
2.107214116353553
2.0711362358513408
2.0711362358513408
2.0711362358513408
2.0711362358513408
2.051439280305607
2.051439280305607
2.051439280305607
2.051439280305607
1.998520774077993
1.998520774077993
1.998520774077993
1.998520774077993
1.974961650549792
1.974961650549792
1.974961650549792
1.974961650549792
1.9300060348775794
1.9300060348775794
1.9300060348775794
1.9300060348775794
1.9015540177340198
1.9015540177340198
1.9015540177340198
1.9015540177340198
1.8614812538602024
1.8614812538602024
1.8614812538602024
1.8437781627395784
1.8437781627395784
1.8437781627395784
1.8437781627395784
1.8437781627395784
1.8084589990649549
1.8084589990649549
1.8084589990649549
1.8084589990649549
1.7842621672906935
1.7842621672906935
1.7842621672906935
1.7842621672906935
1.7494787310198472
1.7494787310198472
1.7494787310198472
1.7494787310198472
1.7266673106131964
1.7266673106131964
1.7266673106131964
1.7266673106131964
1.6994510776217309
1.6994510776217309
1.6994510776217309
1.6994510776217309
1.6865866833981649
1.6865866833981649
1.6865866833981649
1.6865866833981649
1.6755549185732175
1.6755549185732175
1.6755549185732175
1.6755549185732175
1.676326717828523
1.676326717828523
1.676326717828523
1.676326717828523
1.6684325997182265
1.6684325997182265
1.6684325997182265
1.6684325997182265
1.6621058076555415
1.6621058076555415
1.6621058076555415
1.6621058076555415
1.6561843137810308
1.6561843137810308
1.6561843137810308
1.6561843137810308
1.6561843137810308
1.6455408462604393
1.6455408462604393
1.6455408462604393
1.6455408462604393
1.6317689577473973
1.6317689577473973
1.6317689577473973
1.6317689577473973
1.6130902529463171
1.6130902529463171
1.6130902529463171
1.6130902529463171
1.5883955694014087
1.5883955694014087
1.5883955694014087
1.5883955694014087
1.5883955694014087
1.568587200858068
1.568587200858068
1.568587200858068
1.568587200858068
1.5431518612406105
1.5431518612406105
1.5431518612406105
1.5431518612406105
1.516033042445531
1.516033042445531
1.516033042445531
1.516033042445531
1.4940277598833365
1.4940277598833365
1.4940277598833365
1.4940277598833365
1.4940277598833365
1.474207671960386
1.474207671960386
1.474207671960386
1.474207671960386
1.4484672059292822
1.4484672059292822
1.4484672059292822
1.4484672059292822
1.419249229075072
1.419249229075072
1.419249229075072
1.419249229075072
1.419249229075072
1.3816838044471171
1.3816838044471171
1.3816838044471171
1.3816838044471171
1.346352146230172
1.346352146230172
1.346352146230172
1.346352146230172
1.346352146230172
1.3223872917933335
1.3223872917933335
1.3223872917933335
1.3223872917933335
1.2958617381380184
1.2958617381380184
1.2958617381380184
1.2958617381380184
1.2958617381380184
1.2777875931974234
1.2777875931974234
1.2777875931974234
1.2777875931974234
1.25909548615419
1.25909548615419
1.25909548615419
1.25909548615419
1.25909548615419
1.2538877715996724
1.2538877715996724
1.2538877715996724
1.2538877715996724
1.2443961735075808
1.2443961735075808
1.2443961735075808
1.2443961735075808
1.2443961735075808
1.2388213088050646
1.2388213088050646
1.2388213088050646
1.2388213088050646
1.2318523801897596
1.2318523801897596
1.2318523801897596
1.2318523801897596
1.2318523801897596
1.2329874808136303
1.2329874808136303
1.2329874808136303
1.2329874808136303
1.2277463932878083
1.2277463932878083
1.2277463932878083
1.2277463932878083
1.2277463932878083
1.2195754318581178
1.2195754318581178
1.2195754318581178
1.2195754318581178
1.2170506902180178
1.2170506902180178
1.2170506902180178
1.2170506902180178
1.2170506902180178
1.216910580144719
1.216910580144719
1.216910580144719
1.216910580144719
1.216910580144719
1.2157902800766234
1.2157902800766234
1.2157902800766234
1.2157902800766234
1.2205586896842044
1.2205586896842044
1.2205586896842044
1.2205586896842044
1.2205586896842044
1.2216833836430046
1.2216833836430046
1.2216833836430046
1.2216833836430046
1.2216833836430046
1.2204181757607946
1.2204181757607946
1.2204181757607946
1.2204181757607946
1.2204181757607946
1.2204181757607921
1.2204181757607921
1.2204181757607921
1.2204181757607921
1.2177514825971048
1.2177514825971048
1.2177514825971048
1.2177514825971048
1.2177514825971048
1.2142515513057985
1.2142515513057985
1.2142515513057985
1.2142515513057985
1.2142515513057985
1.2139719917404006
1.2139719917404006
1.2139719917404006
1.2139719917404006
1.2139719917404006
1.2184526785008452
1.2184526785008452
1.2184526785008452
1.2184526785008452
1.2184526785008452
1.2246406385462059
1.2246406385462059
1.2246406385462059
1.2246406385462059
1.2230907085826817
1.2230907085826817
1.2230907085826817
1.2230907085826817
1.2230907085826817
1.2249226549411556
1.2249226549411556
1.2249226549411556
1.2249226549411556
1.2249226549411556
1.2273224179284985
1.2273224179284985
1.2273224179284985
1.2273224179284985
1.2273224179284985
1.2250636874917524
1.2250636874917524
1.2250636874917524
1.2250636874917524
1.2250636874917524
1.2246406385462079
1.2246406385462079
1.2246406385462079
1.2246406385462079
1.2246406385462079
1.2249226549411556
1.2249226549411556
1.2249226549411556
1.2249226549411556
1.2249226549411556
1.2208397660674768
1.2208397660674768
1.2208397660674768
1.2208397660674768
1.2208397660674768
1.2199967310410997
1.2199967310410997
1.2199967310410997
1.2199967310410997
1.2199967310410997
1.2221054110124838
1.2221054110124838
1.2221054110124838
1.2221054110124838
1.2221054110124838
1.21551036624662
1.21551036624662
1.21551036624662
1.21551036624662
1.21551036624662
1.224217735691359
1.224217735691359
1.224217735691359
1.224217735691359
1.224217735691359
1.2230907085826794
1.2230907085826794
1.2230907085826794
1.2230907085826794
1.2230907085826794
1.2222461191972167
1.2222461191972167
1.2222461191972167
1.2222461191972167
1.2222461191972167
1.2198562818118417
1.2198562818118417
1.2198562818118417
1.2198562818118417
1.2198562818118417
1.2163503011313601
1.2163503011313601
1.2163503011313601
1.2163503011313601
1.2163503011313601
1.2163503011313601
1.213692496538558
1.213692496538558
1.213692496538558
1.213692496538558
1.213692496538558
1.2129940400272885
1.2129940400272885
1.2129940400272885
1.2129940400272885
1.2129940400272885
1.2145311752495767
1.2145311752495767
1.2145311752495767
1.2145311752495767
1.2145311752495767
1.2183124070269702
1.2183124070269702
1.2183124070269702
1.2183124070269702
1.2183124070269702
1.2183124070269702
1.2171908164230103
1.2171908164230103
1.2171908164230103
1.2171908164230103
1.2171908164230103
1.2187332699012892
1.2187332699012892
1.2187332699012892
1.2187332699012892
1.2187332699012892
1.2178916894884466
1.2178916894884466
1.2178916894884466
1.2178916894884466
1.2178916894884466
1.2177514825971036
1.2177514825971036
1.2177514825971036
1.2177514825971036
1.2177514825971036
1.2177514825971036
1.2114588502344272
1.2114588502344272
1.2114588502344272
1.2114588502344272
1.2114588502344272
1.2163503011313634
1.2163503011313634
1.2163503011313634
1.2163503011313634
1.2163503011313634
1.2113193839084455
1.2113193839084455
1.2113193839084455
1.2113193839084455
1.2113193839084455
1.2113193839084455
1.211877345565249
1.211877345565249
1.211877345565249
1.211877345565249
1.211877345565249
1.2138322360949592
1.2138322360949592
1.2138322360949592
1.2138322360949592
1.2138322360949592
1.2138322360949592
1.2107616791433193
1.2107616791433193
1.2107616791433193
1.2107616791433193
1.2107616791433193
1.2143913552294654
1.2143913552294654
1.2143913552294654
1.2143913552294654
1.2143913552294654
1.2143913552294654
1.217471117235517
1.217471117235517
1.217471117235517
1.217471117235517
1.217471117235517
1.219435031129929
1.219435031129929
1.219435031129929
1.219435031129929
1.219435031129929
1.219435031129929
1.2212615020114448
1.2212615020114448
1.2212615020114448
1.2212615020114448
1.2212615020114448
1.2229499031665998
1.2229499031665998
1.2229499031665998
1.2229499031665998
1.2229499031665998
1.2229499031665998
1.2215427402418684
1.2215427402418684
1.2215427402418684
1.2215427402418684
1.2215427402418684
1.2229499031665996
1.2229499031665996
1.2229499031665996
1.2229499031665996
1.2229499031665996
1.2229499031665996
1.22266834096224
1.22266834096224
1.22266834096224
1.22266834096224
1.22266834096224
1.22266834096224
1.2190139259177255
1.2190139259177255
1.2190139259177255
1.2190139259177255
1.2190139259177255
1.2273224179284994
1.2273224179284994
1.2273224179284994
1.2273224179284994
1.2273224179284994
1.2273224179284994
1.2283119216041531
1.2283119216041531
1.2283119216041531
1.2283119216041531
1.2283119216041531
1.2283119216041531
1.23241979981841
1.23241979981841
1.23241979981841
1.23241979981841
1.23241979981841
1.23241979981841
1.236541416125675
1.236541416125675
1.236541416125675
1.236541416125675
1.236541416125675
1.2362567247200769
1.2362567247200769
1.2362567247200769
1.2362567247200769
1.2362567247200769
1.2362567247200769
1.237253431498421
1.237253431498421
1.237253431498421
1.237253431498421
1.237253431498421
1.237253431498421
1.2356875385290091
1.2356875385290091
1.2356875385290091
1.2356875385290091
1.2356875385290091
1.2356875385290091
1.2389639415894347
1.2389639415894347
1.2389639415894347
1.2389639415894347
1.2389639415894347
1.2389639415894347
1.2363990622287966
1.2363990622287966
1.2363990622287966
1.2363990622287966
1.2363990622287966
1.2363990622287966
1.2386786924409525
1.2386786924409525
1.2386786924409525
1.2386786924409525
1.2386786924409525
1.23568753852901
1.23568753852901
1.23568753852901
1.23568753852901
1.23568753852901
1.23568753852901
1.2388213088050637
1.2388213088050637
1.2388213088050637
1.2388213088050637
1.2388213088050637
1.2388213088050637
1.2375383524306582
1.2375383524306582
1.2375383524306582
1.2375383524306582
1.2375383524306582
1.2375383524306582
1.2388213088050648
1.2388213088050648
1.2388213088050648
1.2388213088050648
1.2388213088050648
1.2388213088050648
1.2389639415894378
1.2389639415894378
1.2389639415894378
1.2389639415894378
1.2389639415894378
1.2389639415894378
1.2345499522049632
1.2345499522049632
1.2345499522049632
1.2345499522049632
1.2345499522049632
1.2345499522049632
1.232419799818409
1.232419799818409
1.232419799818409
1.232419799818409
1.232419799818409
1.232419799818409
1.232419799818409
1.231001740545892
1.231001740545892
1.231001740545892
1.231001740545892
1.231001740545892
1.231001740545892
1.2288777104158903
1.2288777104158903
1.2288777104158903
1.2288777104158903
1.2288777104158903
1.2288777104158903
1.2283119216041531
1.2283119216041531
1.2283119216041531
1.2283119216041531
1.2283119216041531
1.2283119216041531
1.2264749063911682
1.2264749063911682
1.2264749063911682
1.2264749063911682
1.2264749063911682
1.2264749063911682
1.2230907085826805
1.2230907085826805
1.2230907085826805
1.2230907085826805
1.2230907085826805
1.2230907085826805
1.2184526785008452
1.2184526785008452
1.2184526785008452
1.2184526785008452
1.2184526785008452
1.2184526785008452
1.2184526785008452
1.2149507319071395
1.2149507319071395
1.2149507319071395
1.2149507319071395
1.2149507319071395
1.2149507319071395
1.2095077820694617
1.2095077820694617
1.2095077820694617
1.2095077820694617
1.2095077820694617
1.2095077820694617
1.2115983326179913
1.2115983326179913
1.2115983326179913
1.2115983326179913
1.2115983326179913
1.2115983326179913
1.2113193839084413
1.2113193839084413
1.2113193839084413
1.2113193839084413
1.2113193839084413
1.2113193839084413
1.2113193839084413
1.2095077820694609
1.2095077820694609
1.2095077820694609
1.2095077820694609
1.2095077820694609
1.2095077820694609
1.2107616791433182
1.2107616791433182
1.2107616791433182
1.2107616791433182
1.2107616791433182
1.2107616791433182
1.2107616791433182
1.2149507319071406
1.2149507319071406
1.2149507319071406
1.2149507319071406
1.2149507319071406
1.2149507319071406
1.2152305168617394
1.2152305168617394
1.2152305168617394
1.2152305168617394
1.2152305168617394
1.2152305168617394
1.2194350311299296
1.2194350311299296
1.2194350311299296
1.2194350311299296
1.2194350311299296
1.2194350311299296
1.2194350311299296
1.218873589831578
1.218873589831578
1.218873589831578
1.218873589831578
1.218873589831578
1.218873589831578
1.217611291846747
1.217611291846747
1.217611291846747
1.217611291846747
1.217611291846747
1.217611291846747
1.217611291846747
1.219575431858117
1.219575431858117
1.219575431858117
1.219575431858117
1.219575431858117
1.219575431858117
1.2211209071784277
1.2211209071784277
1.2211209071784277
1.2211209071784277
1.2211209071784277
1.2211209071784277
1.2211209071784277
1.2256279800919119
1.2256279800919119
1.2256279800919119
1.2256279800919119
1.2256279800919119
1.2256279800919119
1.2256279800919119
1.223794978876758
1.223794978876758
1.223794978876758
1.223794978876758
1.223794978876758
1.223794978876758
1.223654092383232
1.223654092383232
1.223654092383232
1.223654092383232
1.223654092383232
1.223654092383232
1.223654092383232
1.2260513701120455
1.2260513701120455
1.2260513701120455
1.2260513701120455
1.2260513701120455
1.2260513701120455
1.2260513701120455
1.2192946465650416
1.2192946465650416
1.2192946465650416
1.2192946465650416
1.2192946465650416
1.2192946465650416
1.2209803285310608
1.2209803285310608
1.2209803285310608
1.2209803285310608
1.2209803285310608
1.2209803285310608
1.2209803285310608
1.220418175760791
1.220418175760791
1.220418175760791
1.220418175760791
1.220418175760791
1.220418175760791
1.220418175760791
1.2191542781615945
1.2191542781615945
1.2191542781615945
1.2191542781615945
1.2191542781615945
1.2191542781615945
1.2191542781615945
1.2148108635865629
1.2148108635865629
1.2148108635865629
1.2148108635865629
1.2148108635865629
1.2148108635865629
1.213133699166284
1.213133699166284
1.213133699166284
1.213133699166284
1.213133699166284
1.213133699166284
1.213133699166284
1.2040892165151575
1.2040892165151575
1.2040892165151575
1.2040892165151575
1.2040892165151575
1.2040892165151575
1.2040892165151575
1.2040892165151575
1.2040892165151575
1.2040892165151575
1.2040892165151575
1.2040892165151575
1.2040892165151575
1.2040892165151575
1.206031543942025
1.206031543942025
1.206031543942025
1.206031543942025
1.206031543942025
1.206031543942025
1.206031543942025
1.2035348405986108
1.2035348405986108
1.2035348405986108
1.2035348405986108
1.2035348405986108
1.2035348405986108
1.2035348405986108
1.206448164423909
1.206448164423909
1.206448164423909
1.206448164423909
1.206448164423909
1.206448164423909
1.206448164423909
1.2027037552635067
1.2027037552635067
1.2027037552635067
1.2027037552635067
1.2027037552635067
1.2027037552635067
1.2027037552635067
1.2100649092606597
1.2100649092606597
1.2100649092606597
1.2100649092606597
1.2100649092606597
1.2100649092606597
1.2100649092606597
1.211458850234431
1.211458850234431
1.211458850234431
1.211458850234431
1.211458850234431
1.211458850234431
1.211458850234431
1.2121564227650128
1.2121564227650128
1.2121564227650128
1.2121564227650128
1.2121564227650128
1.2121564227650128
1.2121564227650128
1.2170506902180167
1.2170506902180167
1.2170506902180167
1.2170506902180167
1.2170506902180167
1.2170506902180167
1.2170506902180167
1.2153704334994655
1.2153704334994655
1.2153704334994655
1.2153704334994655
1.2153704334994655
1.2153704334994655
1.2153704334994655
1.2153704334994655
1.2173309587615557
1.2173309587615557
1.2173309587615557
1.2173309587615557
1.2173309587615557
1.2173309587615557
1.2173309587615557
1.2150906163315804
1.2150906163315804
1.2150906163315804
1.2150906163315804
1.2150906163315804
1.2150906163315804
1.2150906163315804
1.219575431858119
1.219575431858119
1.219575431858119
1.219575431858119
1.219575431858119
1.219575431858119
1.219575431858119
1.215930261163185
1.215930261163185
1.215930261163185
1.215930261163185
1.215930261163185
1.215930261163185
1.215930261163185
1.218031912522633
1.218031912522633
1.218031912522633
1.218031912522633
1.218031912522633
1.218031912522633
1.218031912522633
1.218031912522633
1.212295985464202
1.212295985464202
1.212295985464202
1.212295985464202
1.212295985464202
1.212295985464202
1.212295985464202
1.2107616791433204
1.2107616791433204
1.2107616791433204
1.2107616791433204
1.2107616791433204
1.2107616791433204
1.2107616791433204
1.2107616791433204
1.2083942970914159
1.2083942970914159
1.2083942970914159
1.2083942970914159
1.2083942970914159
1.2083942970914159
1.2083942970914159
1.2018732438235742
1.2018732438235742
1.2018732438235742
1.2018732438235742
1.2018732438235742
1.2018732438235742
1.2018732438235742
1.199937613386025
1.199937613386025
1.199937613386025
1.199937613386025
1.199937613386025
1.199937613386025
1.199937613386025
1.199937613386025
1.1911286396234455
1.1911286396234455
1.1911286396234455
1.1911286396234455
1.1911286396234455
1.1911286396234455
1.1911286396234455
1.187841972353826
1.187841972353826
1.187841972353826
1.187841972353826
1.187841972353826
1.187841972353826
1.187841972353826
1.187841972353826
1.1819760236739876
1.1819760236739876
1.1819760236739876
1.1819760236739876
1.1819760236739876
1.1819760236739876
1.1819760236739876
1.184155310553058
1.184155310553058
1.184155310553058
1.184155310553058
1.184155310553058
1.184155310553058
1.184155310553058
1.184155310553058
1.1830651653142097
1.1830651653142097
1.1830651653142097
1.1830651653142097
1.1830651653142097
1.1830651653142097
1.1830651653142097
1.1830651653142097
1.183610112426027
1.183610112426027
1.183610112426027
1.183610112426027
1.183610112426027
1.183610112426027
1.183610112426027
1.183610112426025
1.183610112426025
1.183610112426025
1.183610112426025
1.183610112426025
1.183610112426025
1.183610112426025
1.183610112426025
1.180208306615575
1.180208306615575
1.180208306615575
1.180208306615575
1.180208306615575
1.180208306615575
1.180208306615575
1.180208306615575
1.182792785852888
1.182792785852888
1.182792785852888
1.182792785852888
1.182792785852888
1.182792785852888
1.182792785852888
1.18756849311866
1.18756849311866
1.18756849311866
1.18756849311866
1.18756849311866
1.18756849311866
1.18756849311866
1.18756849311866
1.1931874230954083
1.1931874230954083
1.1931874230954083
1.1931874230954083
1.1931874230954083
1.1931874230954083
1.1931874230954083
1.1931874230954083
1.1949745802861051
1.1949745802861051
1.1949745802861051
1.1949745802861051
1.1949745802861051
1.1949745802861051
1.1949745802861051
1.1949745802861051
1.1966266396185372
1.1966266396185372
1.1966266396185372
1.1966266396185372
1.1966266396185372
1.1966266396185372
1.1966266396185372
1.1966266396185372
1.1974535255806278
1.1974535255806278
1.1974535255806278
1.1974535255806278
1.1974535255806278
1.1974535255806278
1.1974535255806278
1.1974535255806278
1.2018732438235722
1.2018732438235722
1.2018732438235722
1.2018732438235722
1.2018732438235722
1.2018732438235722
1.2018732438235722
1.2018732438235722
1.203811996644442
1.203811996644442
1.203811996644442
1.203811996644442
1.203811996644442
1.203811996644442
1.203811996644442
1.203811996644442
1.2096470398150707
1.2096470398150707
1.2096470398150707
1.2096470398150707
1.2096470398150707
1.2096470398150707
1.2096470398150707
1.2096470398150707
1.2177514825971025
1.2177514825971025
1.2177514825971025
1.2177514825971025
1.2177514825971025
1.2177514825971025
1.2177514825971025
1.2177514825971025
1.2171908164230103
1.2171908164230103
1.2171908164230103
1.2171908164230103
1.2171908164230103
1.2171908164230103
1.2171908164230103
1.2171908164230103
1.2148108635865598
1.2148108635865598
1.2148108635865598
1.2148108635865598
1.2148108635865598
1.2148108635865598
1.2148108635865598
1.2148108635865598
1.215930261163186
1.215930261163186
1.215930261163186
1.215930261163186
1.215930261163186
1.215930261163186
1.215930261163186
1.215930261163186
1.219715848751468
1.219715848751468
1.219715848751468
1.219715848751468
1.219715848751468
1.219715848751468
1.219715848751468
1.219715848751468
1.2218240432372427
1.2218240432372427
1.2218240432372427
1.2218240432372427
1.2218240432372427
1.2218240432372427
1.2218240432372427
1.2218240432372427
1.224499654698116
1.224499654698116
1.224499654698116
1.224499654698116
1.224499654698116
1.224499654698116
1.224499654698116
1.224499654698116
1.224499654698116
1.2181721517015214
1.2181721517015214
1.2181721517015214
1.2181721517015214
1.2181721517015214
1.2181721517015214
1.2181721517015214
1.2181721517015214
1.2163503011313601
1.2163503011313601
1.2163503011313601
1.2163503011313601
1.2163503011313601
1.2163503011313601
1.2163503011313601
1.2163503011313601
1.215930261163182
1.215930261163182
1.215930261163182
1.215930261163182
1.215930261163182
1.215930261163182
1.215930261163182
1.215930261163182
1.215930261163182
1.216350301131364
1.216350301131364
1.216350301131364
1.216350301131364
1.216350301131364
1.216350301131364
1.216350301131364
1.216350301131364
1.2204181757607924
1.2204181757607924
1.2204181757607924