Freq[Hz]        [dBSPL]         Phase[Deg]
10.00           107.42          -136.70
10.04           107.55          -137.59
10.08           107.66          -138.41
10.12           107.76          -139.17
10.17           107.85          -139.88
10.21           107.93          -140.53
10.25           108.00          -141.12
10.29           108.06          -141.67
10.33           108.20          -143.05
10.38           108.32          -144.27
10.42           108.41          -145.35
10.46           108.48          -146.28
10.50           108.52          -147.07
10.55           108.54          -147.73
10.59           108.53          -148.27
10.64           108.50          -148.69
10.68           108.44          -149.02
10.72           108.36          -149.27
10.77           108.26          -149.44
10.81           108.13          -149.55
10.86           107.99          -149.61
10.90           107.82          -149.64
10.95           107.63          -149.65
10.99           107.43          -149.66
11.04           107.20          -149.67
11.08           106.96          -149.72
11.13           106.70          -149.80
11.17           106.42          -149.93
11.22           106.13          -150.15
11.26           105.83          -150.44
11.31           105.51          -150.85
11.36           105.18          -151.38
11.40           104.84          -152.05
11.45           104.49          -152.88
11.50           104.13          -153.88
11.55           103.76          -155.07
11.59           103.39          -156.46
11.64           103.01          -158.05
11.69           102.63          -159.85
11.74           102.25          -161.86
11.78           101.86          -164.09
11.83           101.47          -166.53
11.88           101.09          -169.17
11.93           100.71          -172.01
11.98           100.33          -175.04
12.03           99.95           -178.25
12.08           99.58           178.39
12.13           99.22           174.89
12.18           98.87           171.28
12.23           98.52           167.58
12.28           98.19           163.80
12.33           97.86           159.98
12.38           97.55           156.14
12.43           97.25           152.30
12.48           96.96           148.49
12.53           96.69           144.74
12.58           96.44           141.07
12.64           96.21           137.50
12.69           95.99           134.08
12.74           95.80           130.82
12.79           95.63           127.76
12.85           95.49           124.93
12.90           95.37           122.35
12.95           95.28           120.05
13.00           95.21           118.05
13.06           95.18           116.37
13.11           95.18           115.02
13.17           95.20           114.02
13.22           95.26           113.36
13.27           95.34           113.06
13.33           95.46           113.10
13.38           95.60           113.49
13.44           95.76           114.21
13.49           95.95           115.25
13.55           96.16           116.59
13.61           96.38           118.20
13.66           96.62           120.06
13.72           96.87           122.14
13.77           97.13           124.40
13.83           97.39           126.81
13.89           97.66           129.35
13.94           97.92           131.97
14.00           98.19           134.64
14.06           98.44           137.32
14.12           98.69           139.99
14.18           98.93           142.60
14.23           99.16           145.10
14.29           99.36           147.48
14.35           99.55           149.68
14.41           99.72           151.68
14.47           99.87           153.45
14.53           99.99           154.97
14.59           100.09          156.22
14.65           100.17          157.19
14.71           100.22          157.87
14.77           100.24          158.25
14.83           100.24          158.35
14.89           100.21          158.16
14.95           100.16          157.69
15.01           100.08          156.97
15.08           99.97           156.02
15.14           99.84           154.86
15.20           99.69           153.54
15.26           99.52           152.08
15.33           99.32           150.52
15.39           99.10           148.89
15.45           98.87           147.25
15.52           98.61           145.62
15.58           98.35           144.04
15.64           98.06           142.57
15.71           97.77           141.23
15.77           97.47           140.06
15.84           97.15           139.12
15.90           96.83           138.43
15.97           96.50           138.02
16.03           96.18           137.92
16.10           95.85           138.16
16.17           95.52           138.76
16.23           95.19           139.75
16.30           94.87           141.14
16.37           94.55           142.94
16.43           94.24           145.17
16.50           93.94           147.83
16.57           93.66           150.93
16.64           93.38           154.47
16.70           93.12           158.44
16.77           92.88           162.84
16.84           92.66           167.67
16.91           92.46           172.91
16.98           92.27           178.58
17.05           92.12           -175.34
17.12           91.98           -168.86
17.19           91.88           -161.98
17.26           91.80           -154.71
17.33           91.76           -147.06
17.40           91.74           -139.05
17.48           91.76           -130.71
17.55           91.81           -122.05
17.62           91.88           -113.11
17.69           91.99           -103.92
17.77           92.12           -94.50
17.84           92.27           -84.91
17.91           92.44           -75.18
17.99           92.63           -65.37
18.06           92.82           -55.52
18.13           93.03           -45.69
18.21           93.23           -35.94
18.28           93.43           -26.34
18.36           93.63           -16.94
18.43           93.81           -7.83
18.51           93.98           0.95
18.59           94.13           9.31
18.66           94.26           17.19
18.74           94.36           24.55
18.82           94.44           31.35
18.89           94.48           37.53
18.97           94.50           43.08
19.05           94.49           47.99
19.13           94.45           52.24
19.21           94.37           55.83
19.29           94.26           58.77
19.37           94.12           61.10
19.44           93.95           62.83
19.52           93.75           64.01
19.61           93.51           64.70
19.69           93.24           64.96
19.77           92.94           64.86
19.85           92.62           64.49
19.93           92.27           63.91
20.01           91.90           63.21
20.09           91.50           62.46
20.18           91.09           61.73
20.26           90.67           61.07
20.34           90.23           60.54
20.43           89.78           60.18
20.51           89.32           60.02
20.59           88.86           60.09
20.68           88.39           60.40
20.76           87.92           60.96
20.85           87.45           61.77
20.94           86.98           62.82
21.02           86.50           64.08
21.11           86.03           65.54
21.20           85.55           67.14
21.28           85.07           68.84
21.37           84.58           70.58
21.46           84.09           72.32
21.55           83.58           74.01
21.63           83.07           75.60
21.72           82.54           77.07
21.81           82.01           78.38
21.90           81.46           79.51
21.99           80.90           80.45
22.08           80.33           81.19
22.17           79.74           81.72
22.27           79.15           82.05
22.36           78.55           82.19
22.45           77.94           82.16
22.54           77.34           81.99
22.63           76.74           81.69
22.73           76.17           81.33
22.82           75.62           80.95
22.91           75.11           80.58
23.01           74.65           80.28
23.10           74.27           80.07
23.20           73.96           80.00
23.29           73.74           80.09
23.39           73.60           80.35
23.49           73.54           80.82
23.58           73.55           81.50
23.68           73.62           82.40
23.78           73.72           83.52
23.87           73.84           84.85
23.97           73.95           86.40
24.07           74.04           88.13
24.17           74.10           90.04
24.27           74.11           92.09
24.37           74.06           94.25
24.47           73.97           96.50
24.57           73.81           98.80
24.67           73.61           101.13
24.77           73.34           103.46
24.88           73.02           105.75
24.98           72.62           107.99
25.08           72.14           110.15
25.18           71.58           112.19
25.29           70.91           114.09
25.39           70.13           115.83
25.50           69.22           117.37
25.60           68.19           118.71
25.71           67.03           119.80
25.81           65.76           120.64
25.92           64.44           121.18
26.02           63.09           121.42
26.13           61.81           121.32
26.24           60.67           120.85
26.35           59.78           119.99
26.45           59.26           118.71
26.56           59.17           116.98
26.67           59.50           114.78
26.78           60.16           112.06
26.89           61.05           108.79
27.00           62.06           104.95
27.11           63.10           100.51
27.23           64.12           95.42
27.34           65.08           89.68
27.45           65.95           83.27
27.56           66.72           76.20
27.68           67.40           68.47
27.79           67.98           60.11
27.90           68.46           51.16
28.02           68.84           41.65
28.14           69.13           31.64
28.25           69.34           21.20
28.37           69.46           10.41
28.48           69.50           -0.65
28.60           69.47           -11.86
28.72           69.36           -23.12
28.84           69.17           -34.33
28.96           68.90           -45.38
29.07           68.54           -56.17
29.19           68.08           -66.60
29.31           67.52           -76.59
29.43           66.85           -86.07
29.56           66.05           -94.96
29.68           65.13           -103.20
29.80           64.07           -110.74
29.92           62.88           -117.54
30.04           61.57           -123.55
30.17           60.18           -128.75
30.29           58.76           -133.12
30.42           57.44           -136.65
30.54           56.40           -139.33
30.67           55.85           -141.14
30.79           55.93           -142.08
30.92           56.59           -142.13
31.05           57.60           -141.28
31.18           58.74           -139.52
31.30           59.82           -136.83
31.43           60.75           -133.22
31.56           61.50           -128.69
31.69           62.06           -123.31
31.82           62.48           -117.15
31.95           62.77           -110.33
32.08           62.96           -103.01
32.22           63.09           -95.39
32.35           63.15           -87.69
32.48           63.16           -80.19
32.62           63.12           -73.18
32.75           63.02           -67.03
32.88           62.82           -62.09
33.02           62.52           -58.68
33.16           62.08           -57.07
33.29           61.48           -57.42
33.43           60.74           -59.87
33.57           59.91           -64.44
33.70           59.03           -71.04
33.84           58.19           -79.50
33.98           57.46           -89.50
34.12           56.89           -100.65
34.26           56.51           -112.43
34.40           56.28           -124.31
34.54           56.17           -135.79
34.69           56.13           -146.40
34.83           56.13           -155.71
34.97           56.15           -163.33
35.12           56.16           -169.00
35.26           56.17           -172.62
35.41           56.16           -174.21
35.55           56.14           -173.95
35.70           56.11           -172.17
35.84           56.08           -169.25
35.99           56.04           -165.58
36.14           56.02           -161.58
36.29           56.03           -157.70
36.44           56.10           -154.38
36.59           56.25           -151.99
36.74           56.48           -150.79
36.89           56.80           -150.87
37.04           57.19           -152.21
37.19           57.63           -154.68
37.35           58.10           -158.10
37.50           58.57           -162.24
37.65           59.04           -166.83
37.81           59.50           -171.55
37.97           59.93           -176.08
38.12           60.34           179.90
38.28           60.72           176.57
38.44           61.08           174.05
38.59           61.41           172.35
38.75           61.73           171.43
38.91           62.02           171.21
39.07           62.30           171.55
39.23           62.57           172.28
39.39           62.83           173.17
39.56           63.08           173.97
39.72           63.35           174.48
39.88           63.62           174.54
40.05           63.91           174.04
40.21           64.22           172.94
40.38           64.55           171.20
40.54           64.90           168.87
40.71           65.26           166.01
40.88           65.63           162.74
41.04           66.00           159.24
41.21           66.35           155.65
41.38           66.67           152.14
41.55           66.96           148.83
41.72           67.21           145.83
41.90           67.42           143.23
42.07           67.59           141.08
42.24           67.73           139.39
42.42           67.84           138.15
42.59           67.93           137.32
42.76           67.99           136.86
42.94           68.04           136.67
43.12           68.08           136.69
43.29           68.11           136.84
43.47           68.15           137.04
43.65           68.18           137.21
43.83           68.22           137.27
44.01           68.28           137.14
44.19           68.34           136.75
44.37           68.42           136.05
44.56           68.49           134.99
44.74           68.56           133.57
44.92           68.63           131.77
45.11           68.69           129.64
45.29           68.73           127.20
45.48           68.77           124.53
45.67           68.79           121.68
45.86           68.80           118.75
46.04           68.80           115.78
46.23           68.78           112.84
46.42           68.75           109.95
46.61           68.71           107.17
46.81           68.66           104.51
47.00           68.63           101.99
47.19           68.61           99.61
47.39           68.62           97.38
47.58           68.66           95.29
47.78           68.73           93.34
47.97           68.84           91.53
48.17           68.97           89.83
48.37           69.11           88.25
48.57           69.28           86.75
48.77           69.44           85.32
48.97           69.61           83.94
49.17           69.77           82.59
49.37           69.92           81.24
49.58           70.07           79.87
49.78           70.21           78.45
49.98           70.34           76.97
50.19           70.47           75.41
50.40           70.59           73.76
50.60           70.71           72.04
50.81           70.83           70.25
51.02           70.94           68.43
51.23           71.06           66.60
51.44           71.17           64.83
51.65           71.29           63.13
51.86           71.41           61.55
52.08           71.53           60.09
52.29           71.65           58.77
52.51           71.77           57.61
52.72           71.87           56.60
52.94           71.96           55.73
53.16           72.04           55.01
53.38           72.09           54.42
53.60           72.14           53.94
53.82           72.16           53.54
54.04           72.18           53.15
54.26           72.19           52.73
54.48           72.20           52.20
54.71           72.21           51.48
54.93           72.23           50.53
55.16           72.26           49.32
55.39           72.31           47.83
55.61           72.36           46.08
55.84           72.44           44.09
56.07           72.54           41.92
56.30           72.65           39.61
56.53           72.80           37.23
56.77           72.96           34.85
57.00           73.15           32.52
57.23           73.36           30.32
57.47           73.59           28.31
57.71           73.82           26.51
57.94           74.05           24.94
58.18           74.26           23.59
58.42           74.45           22.41
58.66           74.61           21.36
58.90           74.74           20.36
59.15           74.83           19.39
59.39           74.88           18.39
59.63           74.91           17.35
59.88           74.92           16.25
60.12           74.90           15.10
60.37           74.88           13.87
60.62           74.84           12.55
60.87           74.78           11.10
61.12           74.72           9.51
61.37           74.64           7.76
61.62           74.56           5.86
61.88           74.49           3.83
62.13           74.43           1.74
62.39           74.39           -0.35
62.64           74.40           -2.38
62.90           74.45           -4.30
63.16           74.54           -6.08
63.42           74.68           -7.74
63.68           74.86           -9.33
63.94           75.06           -10.91
64.21           75.27           -12.55
64.47           75.50           -14.32
64.74           75.72           -16.24
65.00           75.94           -18.33
65.27           76.15           -20.54
65.54           76.35           -22.82
65.81           76.52           -25.10
66.08           76.68           -27.34
66.35           76.82           -29.54
66.62           76.95           -31.70
66.90           77.07           -33.87
67.17           77.20           -36.09
67.45           77.33           -38.39
67.73           77.47           -40.79
68.00           77.62           -43.27
68.28           77.77           -45.81
68.56           77.90           -48.39
68.85           78.00           -51.02
69.13           78.08           -53.68
69.41           78.13           -56.42
69.70           78.18           -59.28
69.99           78.22           -62.30
70.27           78.27           -65.50
70.56           78.33           -68.90
70.85           78.40           -72.47
71.14           78.48           -76.19
71.44           78.54           -79.99
71.73           78.57           -83.84
72.03           78.58           -87.69
72.32           78.56           -91.53
72.62           78.50           -95.36
72.92           78.44           -99.18
73.22           78.37           -103.01
73.52           78.30           -106.83
73.82           78.23           -110.64
74.13           78.16           -114.43
74.43           78.08           -118.18
74.74           77.99           -121.89
75.04           77.86           -125.54
75.35           77.69           -129.13
75.66           77.48           -132.67
75.97           77.22           -136.15
76.29           76.91           -139.58
76.60           76.57           -142.93
76.92           76.21           -146.20
77.23           75.82           -149.36
77.55           75.43           -152.37
77.87           75.02           -155.20
78.19           74.60           -157.85
78.51           74.17           -160.30
78.83           73.72           -162.58
79.16           73.24           -164.68
79.48           72.72           -166.58
79.81           72.19           -168.27
80.14           71.66           -169.71
80.47           71.17           -170.92
80.80           70.74           -171.94
81.13           70.38           -172.86
81.47           70.06           -173.78
81.80           69.77           -174.76
82.14           69.49           -175.78
82.47           69.18           -176.78
82.81           68.85           -177.64
83.15           68.49           -178.24
83.50           68.11           -178.57
83.84           67.72           -178.63
84.19           67.34           -178.55
84.53           66.97           -178.43
84.88           66.63           -178.29
85.23           66.32           -178.08
85.58           66.04           -177.64
85.93           65.79           -176.79
86.28           65.56           -175.45
86.64           65.40           -173.68
87.00           65.30           -171.70
87.35           65.30           -169.82
87.71           65.38           -168.29
88.07           65.53           -167.22
88.44           65.72           -166.58
88.80           65.90           -166.25
89.16           66.05           -166.09
89.53           66.14           -166.01
89.90           66.18           -166.02
90.27           66.16           -166.21
90.64           66.09           -166.69
91.01           65.99           -167.62
91.39           65.91           -169.07
91.76           65.84           -171.03
92.14           65.81           -173.36
92.52           65.80           -175.84
92.90           65.81           -178.30
93.28           65.81           179.40
93.67           65.79           177.36
94.05           65.75           175.64
94.44           65.69           174.29
94.83           65.62           173.22
95.22           65.55           172.22
95.61           65.52           170.95
96.00           65.53           169.15
96.40           65.58           166.79
96.79           65.64           164.05
97.19           65.71           161.28
97.59           65.77           158.72
97.99           65.79           156.43
98.40           65.78           154.31
98.80           65.74           152.23
99.21           65.68           150.09
99.62           65.59           147.80
100.03          65.49           145.28
100.44          65.40           142.38
100.85          65.32           139.10
101.26          65.25           135.58
101.68          65.18           132.12
102.10          65.09           128.95
102.52          65.00           126.03
102.94          64.92           123.06
103.36          64.86           119.68
103.79          64.82           115.77
104.22          64.79           111.61
104.65          64.72           107.58
105.08          64.63           103.90
105.51          64.54           100.48
105.94          64.47           97.01
106.38          64.46           93.21
106.82          64.49           88.99
107.25          64.53           84.43
107.70          64.56           79.69
108.14          64.59           74.94
108.58          64.63           70.36
109.03          64.68           66.07
109.48          64.73           62.12
109.93          64.75           58.38
110.38          64.76           54.59
110.84          64.77           50.34
111.29          64.84           45.37
111.75          64.96           39.64
112.21          65.10           33.42
112.67          65.16           27.11
113.13          65.14           21.00
113.60          65.05           15.18
114.07          64.99           9.56
114.54          65.03           4.02
115.01          65.21           -1.63
115.48          65.48           -7.58
115.95          65.73           -13.98
116.43          65.92           -20.80
116.91          66.10           -27.85
117.39          66.28           -34.85
117.87          66.49           -41.64
118.36          66.69           -48.11
118.85          66.87           -54.23
119.33          67.02           -60.08
119.83          67.19           -65.81
120.32          67.39           -71.56
120.81          67.62           -77.40
121.31          67.84           -83.31
121.81          68.04           -89.22
122.31          68.18           -95.05
122.81          68.29           -100.70
123.32          68.41           -106.04
123.83          68.55           -111.02
124.34          68.71           -115.64
124.85          68.85           -120.06
125.36          68.96           -124.45
125.88          69.04           -128.98
126.39          69.09           -133.70
126.91          69.14           -138.57
127.44          69.21           -143.49
127.96          69.29           -148.32
128.49          69.40           -152.96
129.01          69.50           -157.40
129.55          69.59           -161.75
130.08          69.64           -166.13
130.61          69.65           -170.56
131.15          69.62           -174.97
131.69          69.59           -179.30
132.23          69.54           176.38
132.78          69.49           172.01
133.32          69.46           167.62
133.87          69.44           163.35
134.42          69.40           159.25
134.97          69.35           155.35
135.53          69.27           151.62
136.09          69.18           147.97
136.65          69.06           144.26
137.21          68.90           140.40
137.77          68.72           136.41
138.34          68.53           132.44
138.91          68.36           128.58
139.48          68.20           124.87
140.05          68.06           121.32
140.63          67.91           117.93
141.21          67.72           114.67
141.79          67.47           111.49
142.37          67.19           108.42
142.96          66.95           105.51
143.55          66.76           102.76
144.14          66.57           100.06
144.73          66.34           97.32
145.32          66.10           94.55
145.92          65.88           91.85
146.52          65.70           89.32
147.13          65.56           87.13
147.73          65.40           85.27
148.34          65.21           83.60
148.95          64.98           81.89
149.56          64.73           80.00
150.18          64.52           77.96
150.79          64.39           75.89
151.41          64.28           73.91
152.04          64.13           72.09
152.66          63.92           70.48
153.29          63.69           69.19
153.92          63.47           68.27
154.55          63.23           67.66
155.19          62.95           67.15
155.83          62.64           66.46
156.47          62.36           65.41
157.11          62.11           64.11
157.76          61.90           62.89
158.41          61.74           62.13
159.06          61.60           61.96
159.71          61.45           62.01
160.37          61.27           61.79
161.03          61.11           61.28
161.69          60.99           60.70
162.36          60.91           60.06
163.03          60.86           59.17
163.70          60.84           58.02
164.37          60.87           56.75
165.05          60.92           55.45
165.72          60.94           54.14
166.41          60.95           52.90
167.09          61.00           51.91
167.78          61.13           51.15
168.47          61.26           50.23
169.16          61.30           48.92
169.86          61.29           47.40
170.56          61.26           46.02
171.26          61.31           44.86
171.96          61.46           43.81
172.67          61.53           42.98
173.38          61.52           42.74
174.09          61.67           43.40
174.81          62.33           44.68
175.53          62.73           45.56
176.25          62.73           45.48
176.97          62.69           44.78
177.70          62.71           43.77
178.43          62.78           42.59
179.17          62.83           41.32
179.90          62.89           39.91
180.64          62.97           38.42
181.39          63.06           37.07
182.13          63.11           35.75
182.88          63.12           34.15
183.63          63.18           32.12
184.39          63.27           29.58
185.15          63.22           26.26
185.91          62.77           22.24
186.67          62.48           18.61
187.44          62.59           16.23
188.21          62.74           14.76
188.99          62.76           13.50
189.76          62.67           11.87
190.55          62.60           9.76
191.33          62.58           7.65
192.12          62.60           5.85
192.91          62.64           4.18
193.70          62.65           2.45
194.50          62.64           0.67
195.30          62.63           -1.02
196.10          62.67           -2.59
196.91          62.70           -4.11
197.72          62.65           -5.63
198.53          62.58           -7.35
199.35          62.55           -9.32
200.17          62.54           -11.38
200.99          62.51           -13.43
201.82          62.44           -15.34
202.65          62.38           -17.18
203.48          62.33           -18.98
204.32          62.19           -20.43
205.16          62.00           -21.08
206.00          61.85           -20.82
206.85          61.78           -20.22
207.70          61.74           -19.89
208.55          61.79           -19.75
209.41          61.99           -19.62
210.27          62.21           -19.56
211.14          62.36           -19.73
212.01          62.50           -20.30
212.88          62.72           -21.20
213.75          63.03           -22.19
214.63          63.32           -23.08
215.52          63.61           -23.98
216.40          63.92           -25.12
217.29          64.24           -26.75
218.19          64.54           -29.11
219.08          64.79           -32.31
219.99          65.00           -36.08
220.89          65.16           -39.85
221.80          65.21           -43.52
222.71          65.22           -47.38
223.63          65.29           -51.41
224.55          65.33           -55.28
225.47          65.34           -58.55
226.40          65.29           -61.28
227.33          65.14           -63.86
228.26          65.02           -66.38
229.20          64.93           -68.71
230.15          64.76           -70.95
231.09          64.57           -73.26
232.04          64.42           -75.72
233.00          64.27           -78.30
233.96          64.11           -80.43
234.92          64.01           -82.04
235.88          63.99           -83.73
236.86          63.92           -85.48
237.83          63.79           -87.04
238.81          63.78           -88.38
239.79          63.81           -89.93
240.78          63.87           -91.84
241.77          64.03           -93.82
242.76          64.18           -95.84
243.76          64.25           -98.02
244.76          64.40           -100.25
245.77          64.57           -102.34
246.78          64.69           -104.24
247.80          64.75           -106.08
248.81          64.79           -108.36
249.84          64.85           -110.92
250.87          64.95           -113.48
251.90          65.01           -116.20
252.93          65.09           -119.06
253.97          65.16           -121.84
255.02          65.18           -124.37
256.07          65.14           -126.93
257.12          65.11           -129.87
258.18          65.07           -132.97
259.24          64.99           -135.91
260.31          64.87           -138.83
261.38          64.75           -141.77
262.45          64.65           -145.00
263.53          64.60           -148.44
264.62          64.60           -151.60
265.70          64.49           -154.84
266.80          64.29           -158.08
267.90          64.14           -161.06
269.00          63.99           -163.93
270.10          63.78           -166.43
271.21          63.59           -169.11
272.33          63.43           -171.50
273.45          63.19           -173.05
274.58          62.98           -174.77
275.70          62.79           -176.49
276.84          62.62           -177.57
277.98          62.44           -178.53
279.12          62.33           -179.38
280.27          62.18           -179.44
281.42          62.00           -179.70
282.58          61.93           179.83
283.74          61.94           179.46
284.91          61.95           179.35
286.08          61.97           179.57
287.26          62.09           179.61
288.44          62.15           179.01
289.63          62.31           177.90
290.82          62.58           176.17
292.01          62.76           174.45
293.21          63.16           173.25
294.42          63.52           171.69
295.63          63.84           169.61
296.85          64.12           167.27
298.07          64.41           164.44
299.29          64.70           161.74
300.53          65.05           158.98
301.76          65.37           156.12
303.00          65.68           152.85
304.25          66.00           149.18
305.50          66.33           145.21
306.76          66.58           141.96
308.02          66.75           138.98
309.29          66.95           135.85
310.56          67.13           132.66
311.84          67.27           128.68
313.12          67.42           124.64
314.41          67.56           120.77
315.70          67.70           116.86
317.00          67.85           112.86
318.30          68.02           108.86
319.61          68.12           105.09
320.93          68.19           100.98
322.25          68.27           96.70
323.57          68.31           92.61
324.90          68.28           88.59
326.24          68.31           84.36
327.58          68.37           79.99
328.93          68.42           75.73
330.28          68.50           71.48
331.64          68.53           67.35
333.00          68.53           63.21
334.37          68.54           59.00
335.75          68.51           54.75
337.13          68.46           50.74
338.52          68.37           46.78
339.91          68.33           42.60
341.31          68.26           38.66
342.71          68.17           34.82
344.12          68.13           30.71
345.54          68.06           26.83
346.96          68.02           22.75
348.38          67.94           19.04
349.82          67.87           14.97
351.26          67.77           10.96
352.70          67.65           6.91
354.15          67.62           2.78
355.61          67.53           -1.13
357.07          67.42           -4.72
358.54          67.33           -8.65
360.02          67.24           -12.54
361.50          67.08           -16.65
362.98          67.00           -20.14
364.48          66.96           -23.85
365.98          66.82           -27.27
367.48          66.73           -30.90
368.99          66.64           -34.29
370.51          66.61           -37.80
372.03          66.49           -41.24
373.56          66.35           -44.05
375.10          66.29           -47.19
376.64          66.13           -50.35
378.19          65.99           -53.36
379.75          65.91           -56.37
381.31          65.84           -59.90
382.88          65.77           -63.14
384.45          65.68           -66.23
386.04          65.60           -69.54
387.62          65.53           -72.30
389.22          65.42           -75.43
390.82          65.36           -78.37
392.43          65.25           -81.27
394.04          65.12           -84.39
395.66          65.05           -87.56
397.29          65.01           -90.67
398.92          64.88           -93.70
400.56          64.82           -96.55
402.21          64.75           -99.71
403.87          64.76           -103.05
405.53          64.73           -106.43
407.20          64.69           -111.18
408.87          64.73           -113.87
410.55          64.63           -117.22
412.24          64.53           -121.14
413.94          64.53           -124.60
415.64          64.50           -128.23
417.35          64.45           -132.23
419.07          64.36           -135.59
420.79          64.23           -139.49
422.52          64.16           -143.74
424.26          64.12           -147.41
426.00          64.00           -151.29
427.76          63.89           -154.99
429.51          63.70           -158.68
431.28          63.55           -161.42
433.06          63.33           -163.22
434.84          63.08           -166.82
436.63          63.06           -170.52
438.42          62.90           -173.18
440.22          62.73           -175.95
442.04          62.59           -178.99
443.85          62.50           178.51
445.68          62.45           175.85
447.51          62.50           173.62
449.35          62.55           170.92
451.20          62.56           167.90
453.06          62.64           164.97
454.92          62.81           162.02
456.79          62.91           158.92
458.67          63.09           156.15
460.56          63.28           152.67
462.45          63.48           149.53
464.35          63.63           146.51
466.26          63.82           142.75
468.18          64.07           138.25
470.11          64.25           134.03
472.04          64.37           129.65
473.98          64.52           124.69
475.93          64.61           120.24
477.89          64.68           116.14
479.86          64.77           111.69
481.83          64.82           107.14
483.81          64.87           102.60
485.80          64.91           98.02
487.80          64.95           92.75
489.81          64.96           88.45
491.82          64.96           83.47
493.85          64.96           78.21
495.88          64.90           73.72
497.92          64.83           69.69
499.96          64.76           65.70
502.02          64.68           60.85
504.09          64.62           56.49
506.16          64.54           52.17
508.24          64.57           47.89
510.33          64.54           44.11
512.43          64.45           39.82
514.54          64.34           35.91
516.66          64.30           32.38
518.78          64.20           28.89
520.91          64.26           25.81
523.06          64.13           22.75
525.21          64.10           20.18
527.37          64.22           16.88
529.54          64.32           14.10
531.72          64.44           10.77
533.90          64.63           7.93
536.10          64.79           4.90
538.30          65.03           1.71
540.52          65.17           -1.57
542.74          65.39           -5.06
544.97          65.72           -8.44
547.22          66.01           -12.50
549.47          66.32           -16.77
551.73          66.57           -21.46
554.00          66.80           -26.74
556.28          67.15           -32.01
558.56          67.39           -37.45
560.86          67.57           -43.04
563.17          67.72           -49.11
565.48          67.87           -55.03
567.81          68.03           -60.76
570.15          68.12           -66.49
572.49          68.20           -72.54
574.85          68.24           -78.72
577.21          68.30           -84.96
579.59          68.35           -91.01
581.97          68.37           -96.91
584.36          68.32           -103.22
586.77          68.31           -108.91
589.18          68.26           -114.89
591.60          68.20           -120.67
594.04          68.13           -126.43
596.48          68.06           -132.22
598.93          67.99           -138.13
601.40          67.94           -143.77
603.87          67.83           -149.27
606.36          67.80           -155.04
608.85          67.76           -160.24
611.35          67.73           -165.97
613.87          67.70           -171.51
616.39          67.61           -176.88
618.93          67.58           177.78
621.47          67.60           173.15
624.03          67.58           167.68
626.60          67.64           162.42
629.18          67.68           156.98
631.76          67.81           151.15
634.36          67.87           145.84
636.97          67.97           140.37
639.59          68.06           134.72
642.22          68.15           128.75
644.86          68.21           122.47
647.52          68.27           115.84
650.18          68.35           109.41
652.85          68.42           102.71
655.54          68.43           95.92
658.24          68.45           88.82
660.94          68.46           81.49
663.66          68.42           74.41
666.39          68.35           67.32
669.13          68.25           60.57
671.89          68.03           54.13
674.65          67.84           47.22
677.42          67.61           40.81
680.21          67.33           34.87
683.01          67.06           29.52
685.82          66.77           24.92
688.64          66.48           20.20
691.47          66.17           15.91
694.32          65.86           12.04
697.17          65.75           8.38
700.04          65.58           5.16
702.92          65.45           1.83
705.81          65.52           -1.65
708.71          65.59           -5.15
711.63          65.86           -9.23
714.56          66.12           -13.06
717.50          66.49           -17.24
720.45          66.86           -21.75
723.41          67.24           -26.58
726.39          67.59           -31.86
729.37          67.92           -37.76
732.37          68.22           -43.67
735.39          68.51           -50.00
738.41          68.79           -56.90
741.45          69.02           -63.89
744.50          69.22           -71.31
747.56          69.42           -78.86
750.64          69.58           -86.12
753.72          69.74           -93.51
756.82          69.88           -100.39
759.94          70.05           -107.84
763.06          70.15           -115.11
766.20          70.22           -122.59
769.35          70.32           -130.30
772.52          70.46           -137.92
775.69          70.56           -145.53
778.89          70.64           -153.16
782.09          70.77           -160.59
785.31          70.88           -168.08
788.54          71.00           -175.55
791.78          71.10           176.73
795.04          71.22           168.75
798.31          71.34           160.75
801.59          71.44           152.50
804.89          71.49           143.83
808.20          71.52           135.48
811.52          71.58           127.20
814.86          71.62           119.16
818.21          71.63           110.93
821.58          71.63           102.66
824.96          71.59           94.33
828.35          71.58           86.22
831.76          71.53           77.96
835.18          71.47           69.91
838.62          71.43           61.53
842.06          71.38           53.47
845.53          71.30           45.84
849.01          71.23           38.15
852.50          71.19           30.76
856.01          71.14           23.27
859.53          71.14           15.61
863.06          71.12           7.90
866.61          71.13           0.16
870.18          71.17           -7.57
873.76          71.18           -15.59
877.35          71.23           -23.58
880.96          71.24           -31.74
884.58          71.24           -40.23
888.22          71.26           -48.73
891.87          71.22           -57.28
895.54          71.22           -65.89
899.23          71.20           -74.58
902.93          71.17           -83.41
906.64          71.09           -92.42
910.37          70.99           -101.24
914.11          70.89           -109.75
917.87          70.78           -118.50
921.65          70.67           -127.45
925.44          70.54           -136.24
929.25          70.42           -144.87
933.07          70.34           -153.14
936.91          70.22           -161.46
940.76          70.13           -169.75
944.63          70.00           -178.10
948.52          69.88           173.71
952.42          69.75           165.35
956.33          69.62           156.93
960.27          69.51           148.73
964.22          69.49           140.59
968.18          69.48           132.78
972.17          69.46           124.52
976.17          69.44           116.62
980.18          69.39           108.28
984.21          69.35           100.37
988.26          69.28           92.25
992.33          69.23           84.02
996.41          69.23           75.67
1000.51         69.21           67.55
1004.62         69.23           59.50
1008.75         69.27           51.43
1012.90         69.33           43.42
1017.07         69.45           35.35
1021.25         69.54           27.04
1025.45         69.60           18.61
1029.67         69.70           9.85
1033.91         69.78           0.89
1038.16         69.85           -8.25
1042.43         70.01           -16.76
1046.72         70.13           -26.05
1051.02         70.24           -35.43
1055.35         70.35           -45.17
1059.69         70.44           -54.80
1064.05         70.51           -64.49
1068.42         70.55           -74.32
1072.82         70.62           -84.29
1077.23         70.66           -94.24
1081.66         70.70           -104.21
1086.11         70.76           -114.36
1090.58         70.81           -124.59
1095.06         70.85           -135.19
1099.57         70.88           -145.47
1104.09         70.99           -155.95
1108.63         70.96           -166.92
1113.19         70.96           -177.79
1117.77         70.96           171.63
1122.37         70.90           160.71
1126.99         70.88           149.89
1131.62         70.81           138.81
1136.28         70.80           127.76
1140.95         70.72           116.41
1145.64         70.66           105.82
1150.36         70.53           94.93
1155.09         70.34           83.97
1159.84         70.16           73.08
1164.61         69.96           62.68
1169.40         69.75           52.13
1174.21         69.45           41.68
1179.04         69.25           31.54
1183.89         69.02           21.27
1188.76         68.77           11.09
1193.65         68.55           1.49
1198.56         68.32           -8.57
1203.49         68.15           -18.30
1208.44         67.97           -27.76
1213.41         67.83           -36.88
1218.40         67.67           -46.91
1223.41         67.56           -56.59
1228.45         67.47           -66.11
1233.50         67.38           -75.60
1238.57         67.36           -85.47
1243.67         67.32           -95.15
1248.78         67.24           -104.76
1253.92         67.19           -114.53
1259.08         67.15           -124.14
1264.26         67.19           -133.83
1269.46         67.28           -143.81
1274.68         67.34           -153.62
1279.92         67.43           -163.56
1285.19         67.52           -174.03
1290.47         67.65           175.64
1295.78         67.76           164.97
1301.11         67.88           154.29
1306.46         68.07           143.43
1311.84         68.34           132.08
1317.23         68.52           120.79
1322.65         68.69           109.24
1328.09         68.91           97.67
1333.55         69.11           86.17
1339.04         69.25           74.57
1344.55         69.43           62.59
1350.08         69.58           50.81
1355.63         69.70           38.78
1361.21         69.82           26.76
1366.81         70.00           14.56
1372.43         70.13           1.90
1378.07         70.30           -10.63
1383.74         70.51           -23.40
1389.43         70.65           -36.34
1395.15         70.71           -49.34
1400.89         70.78           -62.46
1406.65         70.84           -75.61
1412.44         70.86           -88.99
1418.25         70.88           -102.18
1424.08         70.93           -115.53
1429.94         70.95           -128.51
1435.82         70.97           -141.64
1441.73         71.04           -155.11
1447.66         71.09           -168.86
1453.61         71.09           177.47
1459.59         71.10           163.89
1465.59         71.05           150.38
1471.62         71.02           136.90
1477.68         70.99           123.10
1483.75         70.96           110.01
1489.86         70.93           96.59
1495.98         70.90           83.12
1502.14         70.92           69.77
1508.32         70.91           55.93
1514.52         70.89           42.06
1520.75         70.86           27.80
1527.01         70.82           13.41
1533.29         70.74           -0.78
1539.59         70.65           -14.96
1545.93         70.55           -29.15
1552.29         70.40           -43.47
1558.67         70.29           -58.20
1565.08         70.09           -72.70
1571.52         69.91           -86.75
1577.98         69.70           -101.29
1584.47         69.53           -115.14
1590.99         69.41           -128.99
1597.54         69.21           -143.06
1604.11         69.03           -156.97
1610.71         68.90           -171.16
1617.33         68.80           174.49
1623.98         68.62           160.00
1630.66         68.47           145.79
1637.37         68.29           131.28
1644.11         68.09           117.12
1650.87         67.96           103.31
1657.66         67.78           90.26
1664.48         67.69           76.79
1671.32         67.63           63.38
1678.20         67.67           49.80
1685.10         67.64           35.90
1692.03         67.59           21.84
1698.99         67.57           7.57
1705.98         67.53           -6.82
1713.00         67.44           -20.88
1720.05         67.32           -34.76
1727.12         67.26           -48.70
1734.22         67.19           -62.80
1741.36         67.22           -76.26
1748.52         67.29           -90.48
1755.71         67.32           -104.95
1762.93         67.38           -119.99
1770.19         67.44           -135.09
1777.47         67.47           -150.36
1784.78         67.48           -165.59
1792.12         67.48           179.08
1799.49         67.43           163.68
1806.89         67.42           148.22
1814.33         67.46           132.85
1821.79         67.48           117.23
1829.28         67.52           101.55
1836.81         67.56           85.85
1844.36         67.58           69.87
1851.95         67.57           53.79
1859.57         67.53           37.74
1867.22         67.52           21.58
1874.90         67.48           5.55
1882.61         67.39           -10.53
1890.35         67.28           -26.23
1898.13         67.18           -41.90
1905.93         67.11           -57.38
1913.77         67.09           -73.00
1921.65         67.11           -88.18
1929.55         67.14           -103.77
1937.49         67.19           -119.53
1945.46         67.31           -135.40
1953.46         67.41           -151.39
1961.49         67.51           -167.50
1969.56         67.59           176.11
1977.66         67.72           159.73
1985.80         67.83           143.16
1993.97         67.96           126.45
2002.17         68.14           109.66
2010.40         68.29           92.49
2018.67         68.42           75.17
2026.98         68.57           57.39
2035.32         68.71           39.83
2043.69         68.80           21.66
2052.09         68.88           3.28
2060.53         68.93           -14.75
2069.01         68.93           -32.96
2077.52         68.94           -51.57
2086.07         68.97           -69.91
2094.65         68.96           -88.40
2103.26         68.97           -106.80
2111.91         68.96           -125.30
2120.60         68.97           -143.66
2129.32         68.94           -162.39
2138.08         68.93           178.89
2146.88         68.95           160.17
2155.71         68.93           141.51
2164.57         68.89           122.54
2173.48         68.87           103.98
2182.42         68.83           85.72
2191.40         68.80           67.20
2200.41         68.82           48.85
2209.46         68.85           30.55
2218.55         68.88           11.94
2227.67         68.90           -6.67
2236.84         68.94           -25.40
2246.04         69.02           -43.97
2255.28         69.10           -62.97
2264.55         69.20           -81.99
2273.87         69.32           -101.19
2283.22         69.43           -120.79
2292.61         69.52           -140.68
2302.04         69.64           -160.63
2311.51         69.67           179.12
2321.02         69.69           158.92
2330.57         69.67           138.89
2340.15         69.65           118.93
2349.78         69.58           98.68
2359.44         69.56           78.71
2369.15         69.59           58.63
2378.89         69.63           38.63
2388.68         69.61           18.10
2398.51         69.59           -2.55
2408.37         69.53           -22.83
2418.28         69.45           -43.46
2428.22         69.37           -63.81
2438.21         69.36           -83.98
2448.24         69.29           -104.32
2458.31         69.31           -124.71
2468.42         69.41           -145.35
2478.58         69.50           -166.52
2488.77         69.60           171.92
2499.01         69.73           150.81
2509.29         69.84           129.44
2519.61         69.92           107.66
2529.97         69.92           85.77
2540.38         69.98           64.11
2550.83         70.02           42.35
2561.32         70.05           20.55
2571.86         70.16           -1.18
2582.44         70.23           -23.33
2593.06         70.26           -45.77
2603.73         70.33           -68.36
2614.44         70.35           -90.92
2625.19         70.30           -113.67
2635.99         70.32           -136.22
2646.83         70.28           -158.62
2657.72         70.23           178.93
2668.65         70.20           156.19
2679.63         70.19           133.72
2690.65         70.20           111.08
2701.72         70.23           88.45
2712.83         70.28           65.85
2723.99         70.36           42.73
2735.19         70.37           19.19
2746.44         70.40           -4.16
2757.74         70.42           -27.72
2769.08         70.42           -50.91
2780.47         70.47           -74.28
2791.91         70.53           -97.92
2803.39         70.57           -121.80
2814.93         70.62           -145.92
2826.50         70.68           -170.21
2838.13         70.71           165.54
2849.80         70.75           140.93
2861.53         70.81           116.17
2873.30         70.84           91.10
2885.12         70.86           65.89
2896.98         70.84           40.60
2908.90         70.79           15.48
2920.87         70.73           -9.86
2932.88         70.68           -34.74
2944.94         70.66           -59.98
2957.06         70.62           -85.45
2969.22         70.58           -110.95
2981.43         70.53           -136.33
2993.70         70.52           -161.70
3006.01         70.48           172.97
3018.38         70.45           147.44
3030.79         70.40           121.76
3043.26         70.34           95.91
3055.78         70.25           70.19
3068.35         70.16           44.24
3080.97         70.05           18.38
3093.64         69.99           -7.36
3106.36         69.92           -32.95
3119.14         69.89           -59.06
3131.97         69.81           -84.94
3144.86         69.74           -110.84
3157.79         69.72           -136.61
3170.78         69.71           -162.75
3183.82         69.69           170.72
3196.92         69.67           144.00
3210.07         69.66           117.18
3223.27         69.59           90.49
3236.53         69.57           63.76
3249.84         69.56           36.68
3263.21         69.56           9.90
3276.63         69.62           -17.16
3290.11         69.66           -44.61
3303.64         69.70           -72.22
3317.23         69.69           -99.71
3330.88         69.67           -127.83
3344.58         69.66           -155.65
3358.34         69.63           176.51
3372.15         69.59           148.83
3386.02         69.62           121.12
3399.95         69.70           93.06
3413.93         69.79           65.03
3427.98         69.93           36.58
3442.08         70.00           8.11
3456.24         70.09           -20.68
3470.45         70.18           -49.54
3484.73         70.27           -78.58
3499.06         70.39           -107.63
3513.45         70.46           -137.02
3527.91         70.55           -166.52
3542.42         70.70           164.04
3556.99         70.82           134.02
3571.62         70.91           103.48
3586.31         71.03           72.55
3601.06         71.06           41.53
3615.87         71.07           10.54
3630.75         71.05           -20.76
3645.68         70.98           -51.88
3660.68         70.93           -83.13
3675.74         70.85           -113.86
3690.85         70.76           -144.80
3706.04         70.67           -175.50
3721.28         70.61           153.69
3736.59         70.63           122.98
3751.96         70.62           91.64
3767.39         70.64           60.19
3782.89         70.64           28.96
3798.45         70.68           -2.46
3814.07         70.69           -34.02
3829.76         70.76           -65.79
3845.51         70.79           -97.71
3861.33         70.88           -129.49
3877.21         70.99           -161.46
3893.16         71.09           166.40
3909.18         71.24           133.62
3925.26         71.40           100.58
3941.40         71.55           67.01
3957.61         71.67           33.25
3973.89         71.75           -0.66
3990.24         71.84           -34.73
4006.65         71.87           -68.75
4023.13         71.89           -103.08
4039.68         71.93           -137.30
4056.30         71.98           -171.74
4072.98         72.01           153.71
4089.73         72.04           119.00
4106.56         72.05           84.31
4123.45         72.09           49.49
4140.41         72.17           14.49
4157.44         72.25           -20.83
4174.54         72.25           -56.38
4191.71         72.26           -91.97
4208.95         72.24           -127.77
4226.27         72.22           -163.93
4243.65         72.20           160.16
4261.11         72.19           124.04
4278.63         72.19           87.66
4296.23         72.15           51.30
4313.91         72.10           14.68
4331.65         72.05           -21.76
4349.47         72.04           -58.39
4367.36         72.03           -95.58
4385.32         71.99           -132.74
4403.36         71.91           -169.94
4421.47         71.81           152.77
4439.66         71.80           115.27
4457.92         71.76           77.76
4476.26         71.76           40.18
4494.67         71.73           2.58
4513.16         71.72           -35.27
4531.72         71.71           -73.68
4550.36         71.67           -112.25
4569.08         71.65           -150.91
4587.87         71.63           170.36
4606.75         71.60           131.30
4625.70         71.55           92.38
4644.72         71.51           53.22
4663.83         71.48           13.51
4683.01         71.43           -26.30
4702.27         71.35           -65.86
4721.62         71.31           -105.74
4741.04         71.27           -145.86
4760.54         71.18           173.93
4780.12         71.07           133.47
4799.78         70.96           93.04
4819.52         70.87           52.85
4839.35         70.79           12.62
4859.25         70.74           -28.14
4879.24         70.70           -68.65
4899.31         70.66           -109.41
4919.46         70.63           -150.74
4939.70         70.53           167.65
4960.02         70.48           126.20
4980.42         70.42           84.36
5000.91         70.31           42.27
5021.48         70.17           0.33
5042.13         70.02           -41.52
5062.87         69.92           -83.62
5083.70         69.87           -125.53
5104.61         69.86           -167.73
5125.60         69.86           149.92
5146.69         69.87           106.90
5167.86         69.87           63.55
5189.11         69.84           20.09
5210.46         69.76           -24.23
5231.89         69.66           -68.37
5253.41         69.62           -112.20
5275.02         69.48           -156.21
5296.72         69.44           160.08
5318.50         69.46           115.87
5340.38         69.44           71.41
5362.35         69.42           26.69
5384.41         69.44           -18.02
5406.55         69.41           -63.53
5428.79         69.40           -109.54
5451.12         69.33           -155.63
5473.54         69.27           158.24
5496.06         69.15           112.14
5518.67         69.04           65.63
5541.37         69.01           19.65
5564.16         68.98           -26.92
5587.05         68.94           -73.63
5610.03         68.92           -120.79
5633.10         68.82           -168.22
5656.28         68.75           144.20
5679.54         68.68           96.19
5702.90         68.60           47.92
5726.36         68.45           -0.01
5749.92         68.36           -48.15
5773.57         68.19           -96.27
5797.32         68.05           -144.75
5821.16         67.89           167.11
5845.11         67.83           118.62
5869.15         67.75           69.89
5893.29         67.61           20.40
5917.53         67.50           -28.92
5941.87         67.37           -78.53
5966.31         67.27           -128.14
5990.86         67.19           -178.25
6015.50         67.03           131.43
6040.24         66.87           81.49
6065.09         66.72           31.58
6090.03         66.63           -19.45
6115.08         66.53           -70.34
6140.24         66.49           -121.22
6165.49         66.45           -172.54
6190.86         66.39           135.50
6216.32         66.26           83.78
6241.89         66.19           31.72
6267.56         66.10           -19.59
6293.34         66.04           -71.55
6319.23         66.03           -124.40
6345.22         65.96           -177.59
6371.32         65.85           128.99
6397.53         65.84           76.37
6423.85         65.84           22.72
6450.27         65.88           -31.75
6476.80         65.91           -86.38
6503.44         65.91           -141.50
6530.19         65.82           162.87
6557.05         65.70           107.29
6584.03         65.57           51.33
6611.11         65.48           -4.55
6638.30         65.40           -61.05
6665.61         65.29           -118.08
6693.02         65.09           -175.32
6720.56         64.83           127.96
6748.20         64.63           71.39
6775.96         64.49           15.00
6803.83         64.32           -42.80
6831.81         64.22           -101.69
6859.92         63.95           -160.00
6888.13         63.58           141.91
6916.47         63.35           83.20
6944.92         63.18           23.82
6973.48         63.15           -36.31
7002.17         63.03           -97.13
7030.97         62.76           -158.68
7059.89         62.38           127.97
7088.93         62.03           20.37
7118.09         61.76           -113.58
7147.37         61.56           135.96
7176.77         61.38           2.23
7206.29         61.17           -157.82
7235.93         60.82           41.86
7265.69         60.27           -111.31
7295.58         60.02           110.26
7325.59         59.75           7.00
7355.72         59.23           -92.66
7385.98         58.62           130.67
7416.36         57.90           -0.61
7446.86         57.18           -120.27
7477.49         56.73           159.90
7508.25         56.77           98.11
7539.13         56.80           68.78
7570.15         56.99           66.46
7601.28         57.17           40.40
7632.55         57.21           35.95
7663.94         57.18           55.61
7695.47         57.39           76.81
7727.12         58.02           91.52
7758.91         58.62           89.88
7790.82         58.96           51.45
7822.87         59.39           9.34
7855.05         59.62           2.97
7887.36         59.84           -8.17
7919.80         59.96           -30.66
7952.38         60.12           -94.02
7985.09         60.22           -163.36
8017.93         60.33           128.63
8050.91         60.55           58.85
8084.03         60.73           -11.43
8117.28         61.00           -81.65
8150.67         61.21           -151.13
8184.20         61.38           138.00
8217.86         61.40           66.54
8251.66         61.38           -4.63
8285.60         61.43           -74.57
8319.68         61.49           -145.16
8353.91         61.64           144.43
8388.27         61.81           73.80
8422.77         62.22           3.42
8457.42         62.36           -68.07
8492.21         62.52           -139.81
8527.14         62.68           146.95
8562.21         62.83           74.24
8597.43         62.90           1.03
8632.79         63.02           -72.63
8668.30         63.13           -147.22
8703.96         63.19           138.38
8739.76         63.37           64.01
8775.71         63.54           -10.69
8811.81         63.72           -86.73
8848.05         63.87           -162.72
8884.45         64.00           121.71
8920.99         64.12           44.72
8957.69         64.08           -33.13
8994.54         64.24           -110.26
9031.53         64.39           171.40
9068.68         64.69           93.75
9105.98         64.90           15.25
9143.44         65.08           -64.28
9181.05         65.21           -143.73
9218.82         65.49           137.37
9256.74         65.71           57.04
9294.81         65.88           -23.48
9333.04         66.10           -104.66
9371.43         66.40           173.85
9409.98         66.68           92.08
9448.69         66.90           9.54
9487.55         67.04           -73.06
9526.58         67.26           -156.39
9565.76         67.53           120.59
9605.11         67.73           36.61
9644.62         67.84           -48.05
9684.29         68.00           -132.65
9724.13         68.26           143.13
9764.12         68.52           58.39
9804.29         68.68           -27.04
9844.61         68.84           -112.68
9885.11         69.02           161.67
9925.77         69.25           75.76
9966.60         69.40           -10.29
10007.59        69.60           -96.74
10048.76        69.83           176.71
10090.09        70.14           89.66
10131.59        70.38           2.35
10173.27        70.56           -85.87
10215.12        70.77           -173.34
10257.13        71.00           98.49
10299.32        71.19           9.99
10341.69        71.38           -79.11
10384.23        71.56           -168.14
10426.94        71.78           102.85
10469.83        72.01           13.07
10512.90        72.16           -77.67
10556.14        72.31           -168.47
10599.56        72.48           100.49
10643.16        72.60           9.36
10686.94        72.71           -82.28
10730.90        72.76           -173.89
10775.04        72.87           94.31
10819.36        72.98           2.15
10863.86        73.11           -90.71
10908.55        73.24           176.28
10953.42        73.31           82.70
10998.47        73.38           -11.10
11043.71        73.44           -105.16
11089.14        73.51           160.47
11134.75        73.57           65.98
11180.55        73.63           -29.05
11226.54        73.67           -124.34
11272.72        73.73           139.98
11319.09        73.78           43.98
11365.65        73.87           -52.13
11412.40        74.01           -149.04
11459.34        74.07           113.46
11506.48        74.10           15.46
11553.81        74.10           -82.81
11601.33        74.07           178.88
11649.05        74.12           80.13
11696.97        74.14           -19.23
11745.08        74.14           -119.23
11793.39        74.06           140.20
11841.90        73.99           39.63
11890.61        73.93           -61.23
11939.52        73.84           -162.31
11988.63        73.70           96.10
12037.95        73.56           -5.94
12087.46        73.37           -108.19
12137.18        73.13           149.48
12187.11        72.92           46.93
12237.24        72.71           -55.74
12287.57        72.51           -158.35
12338.12        72.28           98.37
12388.87        71.99           -5.24
12439.83        71.70           -108.89
12490.99        71.41           147.42
12542.37        71.16           43.52
12593.96        70.98           -60.74
12645.77        70.81           -164.72
12697.78        70.64           89.91
12750.01        70.57           -15.76
12802.46        70.42           -121.50
12855.12        70.24           132.17
12908.00        70.11           25.17
12961.09        70.01           -81.81
13014.40        69.90           170.57
13067.94        69.80           62.25
13121.69        69.75           -46.28
13175.66        69.68           -154.87
13229.86        69.63           95.59
13284.28        69.54           -13.84
13338.92        69.54           -123.10
13393.79        69.52           127.06
13448.88        69.60           16.23
13504.20        69.73           -94.26
13559.75        69.81           154.47
13615.52        70.05           42.46
13671.53        70.40           -70.04
13727.76        70.69           176.73
13784.23        71.04           62.38
13840.93        71.37           -52.45
13897.86        71.65           -168.10
13955.03        71.89           75.38
14012.43        72.11           -41.84
14070.06        72.30           -159.47
14127.94        72.53           81.53
14186.05        72.68           -38.93
14244.40        72.74           -160.05
14303.00        72.76           78.25
14361.83        72.73           -43.63
14420.90        72.71           -165.54
14480.22        72.64           71.86
14539.78        72.50           -51.25
14599.59        72.35           -174.41
14659.64        72.13           62.21
14719.94        71.85           -61.26
14780.49        71.60           174.87
14841.29        71.34           50.77
14902.33        71.07           -73.75
14963.63        70.79           161.57
15025.18        70.50           36.73
15086.98        70.24           -88.45
15149.04        70.05           146.14
15211.35        69.82           21.07
15273.92        69.66           -105.18
15336.75        69.49           127.65
15399.83        69.33           0.34
15463.18        69.24           -127.36
15526.78        69.20           104.41
15590.65        69.12           -24.53
15654.78        69.14           -154.33
15719.17        69.11           75.62
15783.83        69.08           -55.16
15848.75        69.09           173.25
15913.95        69.09           41.40
15979.40        69.07           -91.42
16045.13        69.06           135.44
16111.13        69.05           1.73
16177.40        69.06           -133.67
16243.95        69.07           91.10
16310.76        69.03           -45.06
16377.85        68.98           178.32
16445.22        68.87           41.44
16512.87        68.69           -96.28
16580.79        68.64           125.76
16648.99        68.50           -12.83
16717.47        68.40           -151.82
16786.23        68.36           68.73
16855.28        68.25           -70.89
16924.61        68.26           148.36
16994.23        68.19           7.30
17064.13        68.20           -134.30
17134.32        68.15           83.23
17204.80        68.17           -59.12
17275.57        68.19           157.25
17346.63        68.24           13.25
17417.98        68.32           -131.54
17489.63        68.37           82.52
17561.57        68.48           -64.02
17633.80        68.51           148.86
17706.34        68.61           1.09
17779.17        68.72           -147.54
17852.30        68.76           62.88
17925.73        68.83           -87.80
17999.47        68.81           121.37
18073.50        68.88           -30.76
18147.85        68.86           176.40
18222.49        68.89           22.57
18297.45        68.83           -131.67
18372.71        68.76           72.77
18448.29        68.72           -82.60
18524.17        68.62           120.98
18600.36        68.57           -36.11
18676.87        68.41           166.20
18753.70        68.29           7.88
18830.84        68.16           -150.82
18908.29        67.95           49.14
18986.07        67.81           -111.13
19064.17        67.66           88.32
19142.58        67.54           -73.52
19221.32        67.32           124.24
19300.38        67.13           -38.68
19379.77        66.88           158.14
19459.49        66.72           -6.39
19539.53        66.53           -170.40
19619.90        66.33           24.11
19700.61        66.12           -141.73
19781.64        65.90           51.55
19863.01        65.79           -115.45
19944.71        65.61           76.55
20026.75        65.41           -92.98
20109.13        65.24           96.43
20191.84        65.02           -49.36
20274.90        64.74           -148.88
20358.29        64.47           111.38
20442.04        64.28           23.14
20526.12        64.07           -55.07
20610.55        63.95           -156.96
20695.33        63.67           100.18
20780.45        63.53           -20.35
20865.93        63.29           -149.37
20951.76        63.21           80.74
21037.94        62.94           -29.35
21124.47        62.70           -102.82
21211.37        62.46           141.47
21298.62        62.35           8.38
21386.22        62.24           -143.34
21474.19        62.17           11.45
21562.52        62.17           111.09
21651.22        62.24           -148.19
21740.28        62.13           -78.56
21829.70        62.08           -10.63
21919.49        62.09           76.97
22009.65        62.14           -174.36
22100.19        62.08           -47.73
22191.09        62.01           93.48
22282.37        61.90           -116.04
22374.03        61.85           23.30
22466.06        61.83           93.29
22558.47        61.75           175.86
22651.26        61.61           -114.31
22744.43        61.56           -9.28
22837.98        61.46           154.11
22931.92        61.33           0.12
23026.25        61.09           -87.93
23120.96        60.98           -156.54
23216.07        60.87           149.02
23311.56        60.70           127.13
23407.45        60.60           62.92
23503.73        60.42           -9.98
23600.41        60.41           -49.05
23697.49        60.31           -87.30
23794.96        60.34           -89.92
23892.84        60.27           -8.07
23991.12        60.29           141.49
24089.80        60.31           -92.30
24188.89        60.27           30.95
24288.39        60.28           89.99
24388.29        60.32           95.97
24488.61        60.34           -50.13
24589.34        60.37           -155.72
24690.48        60.39           21.58
24792.04        60.40           114.83
24894.02        60.42           154.95
24996.42        60.46           -149.98
25099.24        60.48           -109.19
25202.48        60.54           -114.75
25306.14        60.57           -131.01
25410.23        60.56           -127.20
25514.75        60.61           -169.74
25619.71        60.68           -162.94
25725.09        60.73           -144.92
25830.90        60.71           -44.52
25937.15        60.77           179.25
26043.84        60.84           -161.31
26150.97        60.87           162.02
26258.53        60.84           -137.92
26366.54        60.89           41.28
26475.00        60.89           -26.81
26583.90        60.96           -23.03
26693.24        60.96           -77.72
26803.04        60.97           -157.86
26913.29        60.96           169.18
27023.99        60.97           39.43
27135.15        60.97           -43.57
27246.77        60.93           -77.46
27358.84        60.96           -137.79
27471.38        61.00           117.77
27584.38        61.02           -95.01
27697.84        61.01           19.32
27811.77        60.97           124.48
27926.17        61.00           173.29
28041.04        60.99           91.64
28156.38        61.08           71.43
28272.19        61.05           31.78
28388.49        61.04           99.90
28505.26        61.09           -135.65
28622.51        61.11           -51.22
28740.24        61.25           56.23
28858.46        61.23           173.75
28977.16        61.21           -145.79
29096.36        61.18           -132.17
29216.04        61.18           -56.05
29336.21        61.18           80.97
29456.88        61.18           -126.21
29578.05        61.24           119.35
29699.71        61.32           -22.05
29821.88        61.35           -77.32
29944.54        61.28           112.43
30067.71        61.29           -114.29
30191.39        61.31           -72.46
30315.58        61.33           -45.62
30440.28        61.33           -31.25
30565.49        61.30           95.49
30691.21        61.34           -147.57
30817.46        61.38           41.05
30944.22        61.46           -136.41
31071.50        61.50           24.76
31199.31        61.58           86.12
31327.64        61.62           113.39
31456.50        61.67           26.96
31585.89        61.66           -51.50
31715.81        61.67           95.29
31846.27        61.70           -158.43
31977.26        61.77           -111.79
32108.80        61.78           -72.25
32240.87        61.78           -57.83
32373.49        61.80           -122.33
32506.65        61.75           68.59
32640.36        61.78           -132.32
32774.62        61.84           68.76
32909.43        61.85           -55.05
33044.80        61.85           120.29
33180.72        61.84           -12.73
33317.21        61.93           151.70
33454.25        61.90           -9.70
33591.86        61.93           -139.89
33730.04        62.00           -128.02
33868.78        62.10           -52.96
34008.09        62.15           105.09
34147.98        62.15           -22.74
34288.44        62.22           -152.25
34429.48        62.26           116.05
34571.10        62.33           84.66
34713.30        62.35           170.19
34856.09        62.37           177.21
34999.46        62.38           -113.82
35143.43        62.39           58.88
35287.98        62.35           -107.17
35433.13        62.33           118.21
35578.88        62.45           -51.53
35725.23        62.43           147.02
35872.18        62.47           -14.96
36019.73        62.49           -159.43
36167.89        62.46           58.08
36316.66        62.56           140.38
36466.04        62.48           -112.62
36616.04        62.57           5.96
36766.65        62.54           -156.53
36917.89        62.71           -16.79
37069.74        62.74           172.37
37222.22        62.82           -154.15
37375.33        62.88           -157.04
37529.07        62.89           174.97
37683.43        62.91           86.17
37838.44        62.91           -19.24
37994.08        62.95           -117.82
38150.36        62.93           145.63
38307.29        62.94           64.69
38464.86        62.95           -28.75
38623.07        62.92           -63.51
38781.94        62.99           11.10
38941.46        62.99           167.70
39101.64        63.07           -179.13
39262.48        62.99           98.48
39423.98        63.01           -53.94
39586.14        63.05           178.00
39748.98        63.10           43.26
39912.48        63.18           -10.49
40076.65        63.19           13.55
40241.50        63.20           1.63
40407.02        63.23           -12.88
40573.23        63.31           10.95
40740.12        63.34           -97.64
40907.70        63.42           109.08
41075.96        63.52           -32.92
41244.92        63.54           77.02
41414.57        63.61           107.79
41584.93        63.72           100.68
41755.98        63.78           142.45
41927.73        63.90           -122.45
42100.19        63.97           36.39
42273.36        64.06           136.98
42447.25        64.16           -172.37
42621.84        64.25           -126.44
42797.16        64.37           42.83
42973.20        64.60           -118.76
43149.96        64.66           109.95
43327.45        64.71           133.98
43505.67        64.75           61.68
43684.62        64.81           8.66
43864.31        64.91           -11.66
44044.74        64.96           -21.69
44225.91        64.99           37.29
44407.82        65.07           96.38
44590.49        65.08           126.13
