Freq[Hz]        [dBSPL]         Phase[Deg]
10.00           105.15          -94.15
10.04           104.96          -95.14
10.08           104.76          -96.15
10.12           104.56          -97.18
10.17           104.36          -98.21
10.21           104.16          -99.25
10.25           103.96          -100.30
10.29           103.76          -101.36
10.33           103.30          -103.40
10.38           102.81          -105.48
10.42           102.29          -107.59
10.46           101.74          -109.71
10.50           101.16          -111.85
10.55           100.55          -114.00
10.59           99.92           -116.14
10.64           99.26           -118.29
10.68           98.58           -120.42
10.72           97.88           -122.53
10.77           97.16           -124.62
10.81           96.43           -126.67
10.86           95.69           -128.68
10.90           94.94           -130.64
10.95           94.18           -132.55
10.99           93.42           -134.40
11.04           92.67           -136.17
11.08           91.92           -137.87
11.13           91.19           -139.47
11.17           90.47           -140.98
11.22           89.77           -142.39
11.26           89.10           -143.67
11.31           88.47           -144.84
11.36           87.87           -145.87
11.40           87.32           -146.76
11.45           86.83           -147.50
11.50           86.40           -148.07
11.55           86.03           -148.49
11.59           85.75           -148.73
11.64           85.55           -148.79
11.69           85.44           -148.68
11.74           85.43           -148.39
11.78           85.50           -147.93
11.83           85.68           -147.30
11.88           85.94           -146.50
11.93           86.29           -145.54
11.98           86.71           -144.43
12.03           87.21           -143.18
12.08           87.77           -141.80
12.13           88.38           -140.31
12.18           89.04           -138.72
12.23           89.74           -137.04
12.28           90.46           -135.31
12.33           91.21           -133.52
12.38           91.97           -131.70
12.43           92.74           -129.87
12.48           93.51           -128.04
12.53           94.27           -126.24
12.58           95.02           -124.49
12.64           95.75           -122.79
12.69           96.45           -121.18
12.74           97.13           -119.67
12.79           97.76           -118.29
12.85           98.36           -117.06
12.90           98.91           -115.99
12.95           99.41           -115.11
13.00           99.86           -114.43
13.06           100.27          -113.96
13.11           100.62          -113.73
13.17           100.93          -113.73
13.22           101.19          -113.98
13.27           101.40          -114.48
13.33           101.57          -115.23
13.38           101.68          -116.23
13.44           101.76          -117.49
13.49           101.78          -118.98
13.55           101.77          -120.72
13.61           101.71          -122.68
13.66           101.60          -124.85
13.72           101.45          -127.21
13.77           101.27          -129.76
13.83           101.05          -132.48
13.89           100.79          -135.34
13.94           100.50          -138.34
14.00           100.18          -141.45
14.06           99.83           -144.66
14.12           99.46           -147.95
14.18           99.07           -151.31
14.23           98.67           -154.70
14.29           98.25           -158.12
14.35           97.83           -161.55
14.41           97.41           -164.97
14.47           96.99           -168.36
14.53           96.58           -171.72
14.59           96.18           -175.02
14.65           95.80           -178.28
14.71           95.44           178.53
14.77           95.11           175.41
14.83           94.81           172.36
14.89           94.53           169.37
14.95           94.29           166.46
15.01           94.08           163.62
15.08           93.91           160.83
15.14           93.76           158.09
15.20           93.64           155.40
15.26           93.55           152.74
15.33           93.49           150.09
15.39           93.44           147.45
15.45           93.42           144.81
15.52           93.41           142.16
15.58           93.41           139.47
15.64           93.43           136.75
15.71           93.46           133.97
15.77           93.50           131.12
15.84           93.54           128.20
15.90           93.59           125.18
15.97           93.64           122.07
16.03           93.70           118.84
16.10           93.75           115.48
16.17           93.81           112.00
16.23           93.86           108.37
16.30           93.92           104.60
16.37           93.97           100.66
16.43           94.03           96.56
16.50           94.08           92.29
16.57           94.14           87.83
16.64           94.19           83.19
16.70           94.25           78.37
16.77           94.32           73.34
16.84           94.38           68.11
16.91           94.45           62.68
16.98           94.53           57.04
17.05           94.62           51.18
17.12           94.72           45.10
17.19           94.82           38.79
17.26           94.94           32.26
17.33           95.07           25.51
17.40           95.20           18.53
17.48           95.35           11.36
17.55           95.50           3.98
17.62           95.66           -3.57
17.69           95.82           -11.27
17.77           95.97           -19.10
17.84           96.12           -27.04
17.91           96.26           -35.04
17.99           96.39           -43.08
18.06           96.49           -51.11
18.13           96.57           -59.08
18.21           96.62           -66.95
18.28           96.65           -74.66
18.36           96.63           -82.16
18.43           96.58           -89.39
18.51           96.48           -96.30
18.59           96.34           -102.83
18.66           96.15           -108.93
18.74           95.91           -114.56
18.82           95.62           -119.68
18.89           95.28           -124.26
18.97           94.89           -128.29
19.05           94.44           -131.74
19.13           93.93           -134.60
19.21           93.35           -136.89
19.29           92.71           -138.61
19.37           92.00           -139.78
19.44           91.21           -140.43
19.52           90.36           -140.58
19.61           89.42           -140.30
19.69           88.42           -139.62
19.77           87.36           -138.62
19.85           86.25           -137.36
19.93           85.11           -135.90
20.01           83.93           -134.31
20.09           82.76           -132.65
20.18           81.59           -130.98
20.26           80.45           -129.35
20.34           79.37           -127.81
20.43           78.36           -126.39
20.51           77.46           -125.12
20.59           76.68           -124.04
20.68           76.04           -123.16
20.76           75.54           -122.49
20.85           75.20           -122.04
20.94           75.00           -121.82
21.02           74.91           -121.81
21.11           74.92           -122.00
21.20           75.00           -122.35
21.28           75.12           -122.86
21.37           75.27           -123.48
21.46           75.42           -124.18
21.55           75.57           -124.93
21.63           75.69           -125.70
21.72           75.79           -126.46
21.81           75.86           -127.19
21.90           75.91           -127.85
21.99           75.92           -128.42
22.08           75.90           -128.88
22.17           75.84           -129.21
22.27           75.75           -129.37
22.36           75.63           -129.35
22.45           75.47           -129.13
22.54           75.29           -128.69
22.63           75.08           -128.00
22.73           74.85           -127.07
22.82           74.62           -125.86
22.91           74.41           -124.36
23.01           74.22           -122.57
23.10           74.08           -120.48
23.20           73.99           -118.09
23.29           73.97           -115.40
23.39           74.03           -112.41
23.49           74.15           -109.14
23.58           74.34           -105.61
23.68           74.57           -101.82
23.78           74.83           -97.81
23.87           75.10           -93.61
23.97           75.35           -89.25
24.07           75.58           -84.77
24.17           75.76           -80.21
24.27           75.89           -75.63
24.37           75.95           -71.07
24.47           75.95           -66.58
24.57           75.89           -62.20
24.67           75.78           -57.96
24.77           75.60           -53.90
24.88           75.37           -50.04
24.98           75.07           -46.40
25.08           74.69           -42.99
25.18           74.23           -39.84
25.29           73.68           -36.94
25.39           73.02           -34.29
25.50           72.25           -31.89
25.60           71.36           -29.72
25.71           70.35           -27.78
25.81           69.25           -26.03
25.92           68.10           -24.45
26.02           66.94           -23.04
26.13           65.85           -21.78
26.24           64.91           -20.65
26.35           64.24           -19.65
26.45           63.93           -18.77
26.56           64.04           -18.01
26.67           64.56           -17.37
26.78           65.42           -16.85
26.89           66.53           -16.47
27.00           67.77           -16.24
27.11           69.09           -16.16
27.23           70.41           -16.26
27.34           71.71           -16.51
27.45           72.95           -16.92
27.56           74.11           -17.44
27.68           75.18           -18.02
27.79           76.14           -18.59
27.90           76.99           -19.09
28.02           77.72           -19.39
28.14           78.33           -19.39
28.25           78.83           -18.94
28.37           79.20           -17.90
28.48           79.47           -16.08
28.60           79.64           -13.30
28.72           79.72           -9.42
28.84           79.73           -4.30
28.96           79.66           2.14
29.07           79.52           9.91
29.19           79.31           19.02
29.31           79.01           29.37
29.43           78.61           40.84
29.56           78.09           53.26
29.68           77.45           66.39
29.80           76.65           79.93
29.92           75.70           93.53
30.04           74.57           106.79
30.17           73.28           119.33
30.29           71.85           130.78
30.42           70.34           140.77
30.54           68.83           149.00
30.67           67.45           155.23
30.79           66.34           159.29
30.92           65.63           161.06
31.05           65.36           160.51
31.18           65.45           157.65
31.30           65.75           152.59
31.43           66.11           145.49
31.56           66.46           136.55
31.69           66.75           126.01
31.82           66.96           114.14
31.95           67.11           101.23
32.08           67.18           87.52
32.22           67.21           73.24
32.35           67.18           58.57
32.48           67.09           43.64
32.62           66.94           28.58
32.75           66.72           13.44
32.88           66.41           -1.74
33.02           65.99           -16.93
33.16           65.44           -32.11
33.29           64.74           -47.25
33.43           63.93           -62.34
33.57           63.03           -77.32
33.70           62.09           -92.10
33.84           61.18           -106.54
33.98           60.36           -120.47
34.12           59.72           -133.67
34.26           59.30           -145.88
34.40           59.13           -156.86
34.54           59.20           -166.40
34.69           59.47           -174.32
34.83           59.89           179.51
34.97           60.43           175.19
35.12           61.02           172.73
35.26           61.64           172.06
35.41           62.25           173.04
35.55           62.83           175.43
35.70           63.37           178.93
35.84           63.84           -176.79
35.99           64.24           -172.06
36.14           64.58           -167.18
36.29           64.86           -162.47
36.44           65.09           -158.21
36.59           65.27           -154.63
36.74           65.39           -151.87
36.89           65.48           -149.97
37.04           65.53           -148.88
37.19           65.54           -148.47
37.35           65.52           -148.60
37.50           65.47           -149.13
37.65           65.40           -149.87
37.81           65.31           -150.66
37.97           65.22           -151.31
38.12           65.15           -151.69
38.28           65.10           -151.76
38.44           65.09           -151.56
38.59           65.11           -151.21
38.75           65.16           -150.85
38.91           65.24           -150.61
39.07           65.34           -150.64
39.23           65.45           -151.06
39.39           65.57           -152.03
39.56           65.69           -153.67
39.72           65.81           -156.02
39.88           65.92           -159.03
40.05           66.03           -162.59
40.21           66.14           -166.56
40.38           66.24           -170.82
40.54           66.33           -175.21
40.71           66.40           -179.58
40.88           66.46           176.22
41.04           66.50           172.36
41.21           66.51           168.90
41.38           66.49           165.86
41.55           66.44           163.18
41.72           66.35           160.83
41.90           66.23           158.71
42.07           66.07           156.74
42.24           65.89           154.81
42.42           65.68           152.79
42.59           65.43           150.55
42.76           65.16           148.04
42.94           64.86           145.24
43.12           64.54           142.15
43.29           64.22           138.81
43.47           63.91           135.28
43.65           63.65           131.63
43.83           63.47           127.97
44.01           63.42           124.44
44.19           63.53           121.13
44.37           63.79           118.13
44.56           64.17           115.49
44.74           64.65           113.23
44.92           65.18           111.35
45.11           65.74           109.82
45.29           66.29           108.59
45.48           66.82           107.57
45.67           67.33           106.67
45.86           67.79           105.81
46.04           68.20           104.93
46.23           68.57           103.97
46.42           68.90           102.93
46.61           69.18           101.78
46.81           69.41           100.54
47.00           69.60           99.24
47.19           69.75           97.91
47.39           69.87           96.58
47.58           69.95           95.28
47.78           70.00           94.00
47.97           70.02           92.75
48.17           70.02           91.52
48.37           70.00           90.26
48.57           69.98           88.95
48.77           69.96           87.56
48.97           69.95           86.07
49.17           69.95           84.48
49.37           69.98           82.81
49.58           70.02           81.07
49.78           70.09           79.31
49.98           70.16           77.58
50.19           70.24           75.93
50.40           70.32           74.39
50.60           70.40           72.95
50.81           70.48           71.61
51.02           70.55           70.34
51.23           70.61           69.11
51.44           70.67           67.85
51.65           70.73           66.53
51.86           70.77           65.14
52.08           70.82           63.67
52.29           70.85           62.14
52.51           70.88           60.55
52.72           70.91           58.95
52.94           70.95           57.36
53.16           70.99           55.79
53.38           71.05           54.21
53.60           71.13           52.62
53.82           71.23           51.00
54.04           71.36           49.34
54.26           71.51           47.64
54.48           71.69           45.93
54.71           71.89           44.25
54.93           72.10           42.68
55.16           72.32           41.26
55.39           72.52           40.04
55.61           72.71           39.05
55.84           72.86           38.30
56.07           72.98           37.72
56.30           73.07           37.24
56.53           73.12           36.74
56.77           73.14           36.13
57.00           73.14           35.29
57.23           73.12           34.13
57.47           73.07           32.61
57.71           73.01           30.75
57.94           72.92           28.61
58.18           72.82           26.27
58.42           72.71           23.85
58.66           72.59           21.44
58.90           72.48           19.11
59.15           72.39           16.87
59.39           72.33           14.71
59.63           72.33           12.58
59.88           72.37           10.46
60.12           72.46           8.31
60.37           72.59           6.16
60.62           72.76           4.07
60.87           72.95           2.14
61.12           73.16           0.43
61.37           73.38           -0.98
61.62           73.61           -2.08
61.88           73.85           -2.92
62.13           74.08           -3.58
62.39           74.32           -4.19
62.64           74.56           -4.88
62.90           74.78           -5.73
63.16           74.99           -6.78
63.42           75.19           -8.05
63.68           75.38           -9.49
63.94           75.55           -11.01
64.21           75.72           -12.55
64.47           75.89           -14.06
64.74           76.05           -15.52
65.00           76.21           -16.96
65.27           76.37           -18.46
65.54           76.52           -20.10
65.81           76.67           -21.97
66.08           76.82           -24.12
66.35           76.96           -26.54
66.62           77.10           -29.19
66.90           77.24           -32.00
67.17           77.39           -34.87
67.45           77.55           -37.74
67.73           77.71           -40.57
68.00           77.87           -43.38
68.28           78.03           -46.22
68.56           78.18           -49.14
68.85           78.32           -52.19
69.13           78.44           -55.38
69.41           78.56           -58.69
69.70           78.66           -62.09
69.99           78.76           -65.50
70.27           78.87           -68.89
70.56           78.96           -72.24
70.85           79.05           -75.59
71.14           79.12           -78.97
71.44           79.15           -82.48
71.73           79.13           -86.16
72.03           79.07           -90.02
72.32           78.98           -94.04
72.62           78.86           -98.15
72.92           78.73           -102.24
73.22           78.60           -106.26
73.52           78.46           -110.16
73.82           78.33           -113.95
74.13           78.17           -117.69
74.43           77.99           -121.44
74.74           77.77           -125.22
75.04           77.50           -129.02
75.35           77.19           -132.80
75.66           76.86           -136.45
75.97           76.53           -139.91
76.29           76.22           -143.12
76.60           75.94           -146.11
76.92           75.68           -148.93
77.23           75.42           -151.68
77.55           75.14           -154.42
77.87           74.83           -157.15
78.19           74.46           -159.80
78.51           74.04           -162.22
78.83           73.58           -164.26
79.16           73.10           -165.86
79.48           72.62           -167.05
79.81           72.15           -167.98
80.14           71.70           -168.86
80.47           71.27           -169.85
80.80           70.85           -170.97
81.13           70.42           -172.15
81.47           69.97           -173.19
81.80           69.51           -173.94
82.14           69.04           -174.31
82.47           68.57           -174.39
82.81           68.13           -174.40
83.15           67.72           -174.53
83.50           67.35           -174.92
83.84           67.03           -175.53
84.19           66.73           -176.13
84.53           66.44           -176.46
84.88           66.14           -176.30
85.23           65.80           -175.54
85.58           65.43           -174.34
85.93           65.05           -172.97
86.28           64.69           -171.73
86.64           64.39           -170.89
87.00           64.19           -170.60
87.35           64.09           -170.78
87.71           64.05           -171.19
88.07           64.05           -171.39
88.44           64.04           -170.91
88.80           64.03           -169.52
89.16           64.00           -167.39
89.53           64.00           -165.12
89.90           64.03           -163.57
90.27           64.12           -163.38
90.64           64.25           -164.62
91.01           64.39           -166.88
91.39           64.53           -169.32
91.76           64.64           -171.30
92.14           64.73           -172.57
92.52           64.81           -173.32
92.90           64.91           -174.03
93.28           65.04           -175.18
93.67           65.21           -177.13
94.05           65.42           179.93
94.44           65.64           175.99
94.83           65.85           171.30
95.22           66.03           166.37
95.61           66.16           161.91
96.00           66.26           158.49
96.40           66.32           156.22
96.79           66.37           154.81
97.19           66.44           153.53
97.59           66.52           151.81
97.99           66.60           149.42
98.40           66.65           146.52
98.80           66.62           143.55
99.21           66.51           140.86
99.62           66.33           138.65
100.03          66.08           136.93
100.44          65.81           135.51
100.85          65.55           134.18
101.26          65.31           132.65
101.68          65.11           130.69
102.10          64.95           128.20
102.52          64.83           125.13
102.94          64.70           121.59
103.36          64.55           117.71
103.79          64.38           113.65
104.22          64.19           109.54
104.65          64.05           105.47
105.08          64.00           101.50
105.51          64.03           97.64
105.94          64.13           93.84
106.38          64.23           89.97
106.82          64.32           85.92
107.25          64.37           81.63
107.70          64.38           77.17
108.14          64.36           72.65
108.58          64.35           68.17
109.03          64.37           63.75
109.48          64.42           59.35
109.93          64.48           54.88
110.38          64.54           50.28
110.84          64.60           45.52
111.29          64.68           40.67
111.75          64.78           35.79
112.21          64.88           30.90
112.67          64.95           25.97
113.13          64.95           20.96
113.60          64.92           15.79
114.07          64.90           10.33
114.54          64.95           4.47
115.01          65.09           -1.79
115.48          65.26           -8.25
115.95          65.41           -14.68
116.43          65.52           -20.93
116.91          65.63           -26.93
117.39          65.77           -32.75
117.87          65.95           -38.50
118.36          66.14           -44.35
118.85          66.30           -50.44
119.33          66.44           -56.82
119.83          66.60           -63.46
120.32          66.82           -70.27
120.81          67.08           -77.09
121.31          67.35           -83.70
121.81          67.59           -89.91
122.31          67.79           -95.68
122.81          67.96           -101.10
123.32          68.13           -106.36
123.83          68.30           -111.61
124.34          68.47           -116.93
124.85          68.63           -122.26
125.36          68.77           -127.46
125.88          68.90           -132.39
126.39          69.05           -137.03
126.91          69.19           -141.50
127.44          69.32           -145.96
127.96          69.42           -150.49
128.49          69.52           -155.02
129.01          69.62           -159.49
129.55          69.70           -163.87
130.08          69.75           -168.21
130.61          69.77           -172.58
131.15          69.78           -176.98
131.69          69.79           178.65
132.23          69.82           174.42
132.78          69.83           170.32
133.32          69.80           166.27
133.87          69.73           162.18
134.42          69.65           158.05
134.97          69.57           154.00
135.53          69.48           150.11
136.09          69.38           146.39
136.65          69.25           142.74
137.21          69.09           139.08
137.77          68.92           135.38
138.34          68.76           131.63
138.91          68.61           127.84
139.48          68.44           124.07
140.05          68.25           120.43
140.63          68.04           117.03
141.21          67.84           114.00
141.79          67.65           111.34
142.37          67.46           108.79
142.96          67.23           105.96
143.55          66.96           102.78
144.14          66.70           99.57
144.73          66.48           96.65
145.32          66.31           94.02
145.92          66.12           91.53
146.52          65.91           89.12
147.13          65.69           86.88
147.73          65.49           84.86
148.34          65.29           83.01
148.95          65.05           81.23
149.56          64.78           79.40
150.18          64.49           77.43
150.79          64.24           75.34
151.41          64.03           73.35
152.04          63.86           71.80
152.66          63.69           70.83
153.29          63.51           70.10
153.92          63.28           69.12
154.55          63.04           67.71
155.19          62.80           66.11
155.83          62.58           64.73
156.47          62.36           63.76
157.11          62.15           63.25
157.76          61.97           63.07
158.41          61.82           62.89
159.06          61.67           62.41
159.71          61.53           61.58
160.37          61.40           60.55
161.03          61.32           59.63
161.69          61.29           58.96
162.36          61.25           58.31
163.03          61.15           57.28
163.70          61.00           56.10
164.37          60.90           55.32
165.05          60.89           54.93
165.72          60.93           54.35
166.41          60.96           53.32
167.09          61.01           52.15
167.78          61.08           51.06
168.47          61.12           49.93
169.16          61.12           48.80
169.86          61.11           47.99
170.56          61.15           47.70
171.26          61.20           47.73
171.96          61.21           47.45
172.67          61.25           46.07
173.38          61.33           44.44
174.09          61.36           45.48
174.81          61.29           49.73
175.53          61.13           52.92
176.25          61.04           52.26
176.97          61.10           50.05
177.70          61.18           48.48
178.43          61.24           47.07
179.17          61.31           45.45
179.90          61.43           44.09
180.64          61.55           42.84
181.39          61.58           41.04
182.13          61.55           38.45
182.88          61.56           35.69
183.63          61.65           33.91
184.39          61.79           32.77
185.15          61.98           29.30
185.91          62.16           22.51
186.67          62.32           16.54
187.44          62.47           14.46
188.21          62.54           14.08
188.99          62.52           12.83
189.76          62.48           10.88
190.55          62.48           8.88
191.33          62.49           6.85
192.12          62.49           4.72
192.91          62.54           2.69
193.70          62.62           1.04
194.50          62.65           -0.17
195.30          62.61           -1.42
196.10          62.56           -3.18
196.91          62.52           -5.09
197.72          62.52           -6.68
198.53          62.45           -8.03
199.35          62.29           -9.45
200.17          62.13           -11.24
200.99          62.09           -13.14
201.82          62.10           -14.51
202.65          62.06           -15.33
203.48          61.93           -16.11
204.32          61.75           -17.05
205.16          61.56           -17.70
206.00          61.43           -17.72
206.85          61.42           -17.57
207.70          61.48           -17.33
208.55          61.54           -16.74
209.41          61.60           -16.39
210.27          61.70           -16.91
211.14          61.89           -17.70
212.01          62.14           -18.23
212.88          62.43           -18.98
213.75          62.76           -20.22
214.63          63.11           -21.76
215.52          63.44           -23.45
216.40          63.74           -25.22
217.29          64.05           -27.12
218.19          64.36           -29.51
219.08          64.60           -32.76
219.99          64.77           -36.47
220.89          64.90           -40.25
221.80          65.01           -44.14
222.71          65.10           -47.99
223.63          65.17           -51.38
224.55          65.21           -54.51
225.47          65.21           -57.86
226.40          65.17           -60.85
227.33          65.10           -63.20
228.26          64.99           -65.57
229.20          64.84           -68.20
230.15          64.70           -70.94
231.09          64.55           -73.56
232.04          64.42           -75.81
233.00          64.28           -77.65
233.96          64.13           -79.33
234.92          64.01           -81.04
235.88          63.95           -82.73
236.86          63.90           -84.32
237.83          63.80           -85.85
238.81          63.75           -87.42
239.79          63.77           -89.04
240.78          63.84           -90.80
241.77          63.89           -92.91
242.76          63.95           -95.26
243.76          64.04           -97.54
244.76          64.15           -99.56
245.77          64.30           -101.37
246.78          64.42           -103.47
247.80          64.50           -106.09
248.81          64.57           -108.74
249.84          64.62           -111.40
250.87          64.63           -114.26
251.90          64.70           -117.28
252.93          64.82           -120.26
253.97          64.88           -123.37
255.02          64.88           -126.45
256.07          64.87           -129.26
257.12          64.83           -131.99
258.18          64.81           -134.61
259.24          64.85           -137.25
260.31          64.84           -140.33
261.38          64.76           -143.65
262.45          64.66           -146.96
263.53          64.61           -150.09
264.62          64.56           -152.96
265.70          64.48           -155.75
266.80          64.35           -158.38
267.90          64.14           -160.63
269.00          63.87           -162.82
270.10          63.64           -165.57
271.21          63.49           -168.28
272.33          63.31           -170.59
273.45          63.12           -172.56
274.58          62.84           -174.37
275.70          62.48           -176.07
276.84          62.18           -176.84
277.98          61.91           -177.56
279.12          61.72           -178.88
280.27          61.51           -179.54
281.42          61.26           -179.99
282.58          61.16           179.34
283.74          61.27           178.78
284.91          61.38           178.47
286.08          61.48           177.79
287.26          61.74           177.55
288.44          61.91           177.64
289.63          62.11           176.98
290.82          62.53           175.11
292.01          62.95           172.95
293.21          63.29           171.58
294.42          63.59           169.46
295.63          63.95           167.37
296.85          64.27           166.13
298.07          64.55           164.03
299.29          64.90           161.13
300.53          65.26           158.35
301.76          65.51           155.12
303.00          65.84           151.42
304.25          66.16           148.14
305.50          66.44           144.70
306.76          66.68           140.76
308.02          66.83           137.17
309.29          66.95           134.32
310.56          67.18           131.40
311.84          67.36           127.50
313.12          67.52           123.62
314.41          67.70           119.72
315.70          67.85           115.39
317.00          68.00           111.10
318.30          68.11           107.10
319.61          68.16           102.90
320.93          68.25           98.80
322.25          68.33           94.86
323.57          68.36           90.70
324.90          68.38           86.65
326.24          68.42           82.75
327.58          68.51           78.35
328.93          68.61           74.17
330.28          68.55           70.31
331.64          68.56           66.33
333.00          68.58           62.52
334.37          68.56           58.46
335.75          68.52           54.51
337.13          68.51           50.69
338.52          68.50           46.51
339.91          68.53           42.81
341.31          68.48           39.24
342.71          68.41           35.41
344.12          68.37           31.78
345.54          68.31           27.73
346.96          68.27           23.57
348.38          68.18           19.63
349.82          68.06           15.87
351.26          68.03           11.56
352.70          67.96           7.80
354.15          67.85           3.40
355.61          67.76           -0.40
357.07          67.65           -4.05
358.54          67.51           -7.95
360.02          67.36           -11.27
361.50          67.24           -15.52
362.98          67.20           -19.78
364.48          67.12           -23.50
365.98          67.04           -27.22
367.48          66.92           -30.44
368.99          66.77           -33.79
370.51          66.68           -36.97
372.03          66.57           -40.14
373.56          66.43           -43.19
375.10          66.34           -46.54
376.64          66.24           -49.05
378.19          66.10           -52.19
379.75          66.00           -55.80
381.31          65.94           -58.95
382.88          65.83           -62.12
384.45          65.69           -65.21
386.04          65.53           -68.09
387.62          65.33           -70.69
389.22          65.16           -73.41
390.82          65.08           -76.62
392.43          64.98           -79.94
394.04          64.88           -83.05
395.66          64.78           -86.04
397.29          64.74           -88.73
398.92          64.61           -91.97
400.56          64.60           -96.01
402.21          64.57           -99.57
403.87          64.52           -102.32
405.53          64.42           -106.15
407.20          64.28           -110.46
408.87          64.30           -113.76
410.55          64.21           -116.26
412.24          64.22           -120.17
413.94          64.15           -124.45
415.64          64.20           -128.22
417.35          64.15           -131.03
419.07          64.10           -135.25
420.79          64.01           -138.73
422.52          63.94           -143.03
424.26          63.79           -146.19
426.00          63.77           -149.03
427.76          63.63           -152.67
429.51          63.59           -156.35
431.28          63.50           -158.69
433.06          63.53           -161.01
434.84          63.33           -164.00
436.63          63.27           -168.01
438.42          63.12           -170.83
440.22          63.13           -173.28
442.04          62.98           -175.93
443.85          63.01           -179.01
445.68          63.02           178.82
447.51          63.03           175.21
449.35          63.04           172.74
451.20          63.15           169.51
453.06          63.10           166.26
454.92          63.20           163.64
456.79          63.23           160.31
458.67          63.37           156.49
460.56          63.58           153.22
462.45          63.76           149.94
464.35          64.01           146.40
466.26          64.20           142.53
468.18          64.29           138.33
470.11          64.54           134.33
472.04          64.63           129.60
473.98          64.77           125.62
475.93          64.87           121.75
477.89          64.95           117.20
479.86          65.00           112.70
481.83          65.03           108.21
483.81          65.03           103.20
485.80          65.08           98.58
487.80          65.10           93.68
489.81          65.11           88.75
491.82          65.06           83.69
493.85          64.96           79.26
495.88          64.94           74.82
497.92          64.95           70.16
499.96          64.80           65.55
502.02          64.71           61.60
504.09          64.61           57.37
506.16          64.52           53.40
508.24          64.55           49.09
510.33          64.53           44.98
512.43          64.49           41.16
514.54          64.51           38.03
516.66          64.48           34.42
518.78          64.47           31.73
520.91          64.45           27.98
523.06          64.54           25.64
525.21          64.55           22.30
527.37          64.62           19.12
529.54          64.70           15.99
531.72          64.82           13.08
533.90          64.98           9.66
536.10          65.22           6.00
538.30          65.41           2.27
540.52          65.51           -0.88
542.74          65.70           -4.30
544.97          65.93           -8.21
547.22          66.20           -12.51
549.47          66.43           -16.57
551.73          66.77           -21.53
554.00          66.96           -26.45
556.28          67.12           -32.13
558.56          67.38           -37.35
560.86          67.54           -43.29
563.17          67.70           -48.86
565.48          67.85           -54.94
567.81          67.97           -60.89
570.15          68.01           -66.39
572.49          68.08           -72.45
574.85          68.16           -78.20
577.21          68.23           -84.58
579.59          68.29           -90.98
581.97          68.32           -96.98
584.36          68.30           -102.80
586.77          68.21           -108.91
589.18          68.20           -114.55
591.60          68.18           -120.75
594.04          68.09           -126.53
596.48          68.06           -132.21
598.93          67.98           -137.83
601.40          67.92           -143.33
603.87          67.87           -148.77
606.36          67.86           -154.94
608.85          67.82           -160.73
611.35          67.78           -166.57
613.87          67.74           -171.56
616.39          67.70           -176.70
618.93          67.65           177.60
621.47          67.66           172.19
624.03          67.70           166.85
626.60          67.74           161.72
629.18          67.79           156.48
631.76          67.89           150.85
634.36          67.94           145.68
636.97          68.05           139.96
639.59          68.14           133.78
642.22          68.22           127.68
644.86          68.29           121.65
647.52          68.39           115.39
650.18          68.45           108.83
652.85          68.48           101.90
655.54          68.50           95.13
658.24          68.50           88.32
660.94          68.53           81.20
663.66          68.46           74.28
666.39          68.38           66.98
669.13          68.26           59.77
671.89          68.09           52.87
674.65          67.89           45.99
677.42          67.68           39.44
680.21          67.45           33.98
683.01          67.18           28.39
685.82          66.90           23.20
688.64          66.60           18.44
691.47          66.31           14.15
694.32          66.10           10.02
697.17          65.96           6.20
700.04          65.88           2.82
702.92          65.75           -0.67
705.81          65.81           -4.15
708.71          65.94           -7.63
711.63          66.15           -10.91
714.56          66.37           -14.64
717.50          66.68           -18.88
720.45          67.03           -22.93
723.41          67.33           -27.74
726.39          67.65           -32.98
729.37          67.98           -38.41
732.37          68.28           -44.40
735.39          68.56           -51.01
738.41          68.81           -57.75
741.45          69.01           -64.40
744.50          69.21           -71.45
747.56          69.44           -78.80
750.64          69.61           -86.24
753.72          69.73           -93.73
756.82          69.82           -101.16
759.94          69.92           -108.63
763.06          70.04           -115.89
766.20          70.10           -123.58
769.35          70.23           -131.36
772.52          70.38           -138.62
775.69          70.46           -146.25
778.89          70.57           -153.65
782.09          70.69           -161.16
785.31          70.79           -168.87
788.54          70.93           -176.78
791.78          71.04           175.23
795.04          71.07           167.30
798.31          71.17           159.40
801.59          71.28           151.56
804.89          71.38           143.34
808.20          71.46           135.13
811.52          71.54           126.80
814.86          71.59           118.48
818.21          71.58           110.33
821.58          71.54           101.86
824.96          71.54           93.65
828.35          71.50           85.67
831.76          71.47           77.54
835.18          71.44           69.50
838.62          71.39           61.41
842.06          71.34           53.49
845.53          71.32           45.68
849.01          71.29           37.93
852.50          71.26           30.24
856.01          71.23           22.61
859.53          71.25           15.13
863.06          71.22           7.66
866.61          71.22           0.06
870.18          71.26           -7.82
873.76          71.28           -15.68
877.35          71.32           -23.90
880.96          71.35           -32.43
884.58          71.37           -40.67
888.22          71.38           -48.84
891.87          71.36           -57.40
895.54          71.33           -66.08
899.23          71.28           -74.68
902.93          71.22           -83.43
906.64          71.12           -92.30
910.37          71.05           -101.19
914.11          70.93           -110.05
917.87          70.83           -118.96
921.65          70.76           -127.80
925.44          70.63           -136.38
929.25          70.50           -144.90
933.07          70.33           -153.36
936.91          70.21           -161.41
940.76          70.04           -169.99
944.63          69.88           -178.46
948.52          69.72           173.31
952.42          69.60           165.15
956.33          69.55           156.87
960.27          69.44           148.79
964.22          69.35           140.81
968.18          69.26           132.70
972.17          69.17           124.67
976.17          69.10           116.66
980.18          69.01           108.47
984.21          68.98           100.24
988.26          68.90           92.18
992.33          68.91           84.32
996.41          68.84           76.09
1000.51         68.86           68.16
1004.62         68.90           59.92
1008.75         68.93           52.06
1012.90         68.97           43.96
1017.07         69.02           35.90
1021.25         69.13           27.40
1025.45         69.21           18.99
1029.67         69.34           10.50
1033.91         69.48           1.64
1038.16         69.59           -7.26
1042.43         69.73           -15.98
1046.72         69.85           -24.96
1051.02         69.99           -34.42
1055.35         70.11           -44.17
1059.69         70.24           -53.89
1064.05         70.35           -63.53
1068.42         70.42           -73.18
1072.82         70.50           -83.40
1077.23         70.56           -93.44
1081.66         70.61           -103.59
1086.11         70.68           -113.36
1090.58         70.73           -123.77
1095.06         70.78           -134.22
1099.57         70.78           -144.71
1104.09         70.83           -155.50
1108.63         70.81           -166.28
1113.19         70.80           -177.31
1117.77         70.80           171.80
1122.37         70.75           160.91
1126.99         70.70           150.10
1131.62         70.65           139.16
1136.28         70.59           127.79
1140.95         70.54           116.75
1145.64         70.45           105.57
1150.36         70.31           94.77
1155.09         70.15           83.67
1159.84         70.02           73.06
1164.61         69.83           62.04
1169.40         69.66           51.60
1174.21         69.45           41.37
1179.04         69.28           31.07
1183.89         69.06           21.05
1188.76         68.85           10.96
1193.65         68.66           1.37
1198.56         68.47           -8.52
1203.49         68.25           -18.08
1208.44         68.07           -27.17
1213.41         67.93           -36.70
1218.40         67.81           -46.21
1223.41         67.70           -55.96
1228.45         67.63           -65.51
1233.50         67.52           -75.40
1238.57         67.48           -84.80
1243.67         67.40           -94.83
1248.78         67.35           -104.83
1253.92         67.29           -114.59
1259.08         67.32           -124.38
1264.26         67.32           -134.14
1269.46         67.35           -144.37
1274.68         67.41           -154.54
1279.92         67.53           -164.46
1285.19         67.62           -174.67
1290.47         67.72           174.89
1295.78         67.90           164.37
1301.11         68.12           153.47
1306.46         68.27           142.44
1311.84         68.50           131.31
1317.23         68.64           120.08
1322.65         68.85           108.91
1328.09         69.02           97.63
1333.55         69.17           85.99
1339.04         69.30           74.22
1344.55         69.44           62.48
1350.08         69.58           50.80
1355.63         69.75           39.07
1361.21         69.88           26.61
1366.81         70.02           13.95
1372.43         70.16           1.52
1378.07         70.33           -11.07
1383.74         70.46           -23.61
1389.43         70.61           -36.34
1395.15         70.71           -49.34
1400.89         70.80           -62.43
1406.65         70.85           -75.74
1412.44         70.88           -88.97
1418.25         70.89           -102.16
1424.08         70.91           -115.39
1429.94         70.95           -128.50
1435.82         70.97           -141.93
1441.73         70.99           -155.47
1447.66         71.04           -169.14
1453.61         71.05           177.56
1459.59         71.04           164.25
1465.59         71.03           150.74
1471.62         71.01           136.95
1477.68         70.96           123.10
1483.75         70.92           109.73
1489.86         70.89           96.11
1495.98         70.82           82.75
1502.14         70.82           69.23
1508.32         70.86           55.52
1514.52         70.87           41.67
1520.75         70.88           27.45
1527.01         70.86           13.42
1533.29         70.79           -0.70
1539.59         70.70           -15.11
1545.93         70.61           -29.63
1552.29         70.49           -44.13
1558.67         70.31           -58.77
1565.08         70.11           -72.80
1571.52         69.94           -86.87
1577.98         69.74           -100.74
1584.47         69.56           -114.30
1590.99         69.44           -128.19
1597.54         69.27           -142.07
1604.11         69.12           -156.14
1610.71         68.98           -170.24
1617.33         68.79           175.56
1623.98         68.66           161.21
1630.66         68.53           146.90
1637.37         68.34           132.89
1644.11         68.18           119.04
1650.87         68.06           105.17
1657.66         67.90           91.86
1664.48         67.79           78.31
1671.32         67.71           64.47
1678.20         67.68           50.49
1685.10         67.68           36.49
1692.03         67.63           22.41
1698.99         67.63           8.12
1705.98         67.56           -6.21
1713.00         67.45           -20.19
1720.05         67.37           -34.32
1727.12         67.25           -48.30
1734.22         67.15           -62.47
1741.36         67.19           -76.72
1748.52         67.19           -90.79
1755.71         67.20           -105.19
1762.93         67.32           -119.88
1770.19         67.40           -135.01
1777.47         67.46           -150.09
1784.78         67.47           -165.31
1792.12         67.45           179.34
1799.49         67.48           163.96
1806.89         67.49           148.67
1814.33         67.49           133.16
1821.79         67.51           117.61
1829.28         67.49           102.24
1836.81         67.55           86.35
1844.36         67.57           70.77
1851.95         67.56           54.86
1859.57         67.54           38.83
1867.22         67.54           22.21
1874.90         67.42           5.91
1882.61         67.34           -10.12
1890.35         67.25           -25.65
1898.13         67.21           -41.46
1905.93         67.16           -57.32
1913.77         67.10           -72.83
1921.65         67.04           -88.45
1929.55         67.07           -103.69
1937.49         67.12           -119.76
1945.46         67.24           -136.01
1953.46         67.33           -152.13
1961.49         67.43           -168.61
1969.56         67.50           175.11
1977.66         67.69           158.54
1985.80         67.81           142.42
1993.97         67.96           125.98
2002.17         68.12           109.23
2010.40         68.28           92.02
2018.67         68.39           74.69
2026.98         68.53           57.40
2035.32         68.67           39.61
2043.69         68.79           21.61
2052.09         68.85           3.13
2060.53         68.93           -15.03
2069.01         68.95           -33.23
2077.52         68.96           -51.63
2086.07         68.96           -69.93
2094.65         69.00           -88.27
2103.26         68.98           -106.73
2111.91         68.99           -125.11
2120.60         68.97           -143.69
2129.32         68.97           -162.18
2138.08         68.98           179.41
2146.88         68.99           160.68
2155.71         68.99           141.73
2164.57         68.95           122.98
2173.48         68.95           104.50
2182.42         68.96           86.21
2191.40         68.93           67.76
2200.41         68.94           49.40
2209.46         68.95           31.23
2218.55         68.95           12.67
2227.67         68.96           -5.97
2236.84         68.98           -24.63
2246.04         69.04           -43.55
2255.28         69.14           -62.54
2264.55         69.20           -81.87
2273.87         69.26           -101.31
2283.22         69.32           -120.82
2292.61         69.42           -140.54
2302.04         69.51           -160.55
2311.51         69.53           178.82
2321.02         69.53           158.54
2330.57         69.53           138.24
2340.15         69.51           118.08
2349.78         69.47           97.97
2359.44         69.50           77.94
2369.15         69.49           57.99
2378.89         69.53           37.59
2388.68         69.55           17.20
2398.51         69.55           -3.35
2408.37         69.51           -23.75
2418.28         69.50           -44.17
2428.22         69.51           -64.58
2438.21         69.47           -84.74
2448.24         69.45           -104.99
2458.31         69.49           -125.27
2468.42         69.56           -145.91
2478.58         69.65           -166.46
2488.77         69.74           172.47
2499.01         69.86           151.06
2509.29         69.94           129.68
2519.61         70.02           107.94
2529.97         70.04           86.20
2540.38         70.03           64.39
2550.83         70.02           42.77
2561.32         70.06           21.06
2571.86         70.10           -0.91
2582.44         70.14           -23.07
2593.06         70.18           -45.64
2603.73         70.20           -68.24
2614.44         70.22           -90.69
2625.19         70.22           -113.45
2635.99         70.20           -136.34
2646.83         70.17           -158.97
2657.72         70.14           178.54
2668.65         70.14           155.85
2679.63         70.14           133.49
2690.65         70.14           110.94
2701.72         70.18           88.47
2712.83         70.25           65.66
2723.99         70.34           42.47
2735.19         70.39           19.07
2746.44         70.45           -4.20
2757.74         70.51           -27.69
2769.08         70.55           -51.32
2780.47         70.58           -74.64
2791.91         70.65           -98.14
2803.39         70.73           -121.99
2814.93         70.79           -145.95
2826.50         70.83           -170.15
2838.13         70.86           165.36
2849.80         70.89           140.42
2861.53         70.95           115.67
2873.30         70.99           90.61
2885.12         70.99           65.31
2896.98         70.95           40.14
2908.90         70.90           15.07
2920.87         70.84           -10.05
2932.88         70.81           -35.18
2944.94         70.77           -60.23
2957.06         70.72           -85.71
2969.22         70.64           -111.14
2981.43         70.56           -136.66
2993.70         70.52           -162.14
3006.01         70.48           172.32
3018.38         70.44           146.74
3030.79         70.40           120.99
3043.26         70.33           95.14
3055.78         70.24           69.12
3068.35         70.17           43.29
3080.97         70.08           17.19
3093.64         70.02           -8.72
3106.36         69.91           -34.81
3119.14         69.81           -60.73
3131.97         69.74           -86.67
3144.86         69.71           -112.95
3157.79         69.67           -138.77
3170.78         69.67           -164.76
3183.82         69.66           168.79
3196.92         69.64           142.04
3210.07         69.62           115.50
3223.27         69.61           88.78
3236.53         69.56           61.65
3249.84         69.57           34.94
3263.21         69.57           8.08
3276.63         69.57           -18.91
3290.11         69.59           -46.15
3303.64         69.64           -73.50
3317.23         69.68           -101.20
3330.88         69.66           -128.98
3344.58         69.64           -156.60
3358.34         69.61           175.52
3372.15         69.60           148.12
3386.02         69.63           120.51
3399.95         69.69           92.65
3413.93         69.73           64.34
3427.98         69.82           35.90
3442.08         69.88           7.90
3456.24         69.96           -20.77
3470.45         70.07           -49.63
3484.73         70.21           -78.55
3499.06         70.29           -107.86
3513.45         70.36           -137.10
3527.91         70.47           -166.56
3542.42         70.58           163.82
3556.99         70.75           133.85
3571.62         70.92           103.41
3586.31         71.02           72.34
3601.06         71.05           41.19
3615.87         71.07           10.15
3630.75         71.09           -20.96
3645.68         71.05           -51.98
3660.68         71.00           -83.21
3675.74         70.92           -114.40
3690.85         70.84           -145.36
3706.04         70.76           -176.13
3721.28         70.74           153.11
3736.59         70.76           122.18
3751.96         70.71           91.22
3767.39         70.73           59.77
3782.89         70.69           28.39
3798.45         70.65           -2.95
3814.07         70.71           -34.52
3829.76         70.76           -66.22
3845.51         70.80           -98.12
3861.33         70.85           -129.87
3877.21         70.96           -161.75
3893.16         71.07           165.83
3909.18         71.20           133.38
3925.26         71.37           100.39
3941.40         71.52           66.88
3957.61         71.64           33.08
3973.89         71.70           -1.03
3990.24         71.79           -35.18
4006.65         71.82           -69.23
4023.13         71.85           -103.42
4039.68         71.92           -137.78
4056.30         71.94           -172.21
4072.98         71.97           152.98
4089.73         72.01           118.29
4106.56         72.03           83.63
4123.45         72.08           48.77
4140.41         72.16           13.77
4157.44         72.24           -21.72
4174.54         72.24           -57.35
4191.71         72.27           -93.14
4208.95         72.26           -128.72
4226.27         72.25           -164.68
4243.65         72.24           159.21
4261.11         72.23           122.94
4278.63         72.22           86.42
4296.23         72.18           49.97
4313.91         72.15           13.67
4331.65         72.11           -22.79
4349.47         72.08           -59.36
4367.36         72.05           -96.39
4385.32         72.03           -133.46
4403.36         71.96           -170.68
4421.47         71.90           152.04
4439.66         71.87           114.56
4457.92         71.82           77.15
4476.26         71.79           39.36
4494.67         71.79           1.89
4513.16         71.79           -35.99
4531.72         71.78           -74.04
4550.36         71.78           -112.35
4569.08         71.75           -151.06
4587.87         71.71           169.99
4606.75         71.69           131.23
4625.70         71.69           92.26
4644.72         71.71           52.88
4663.83         71.66           13.02
4683.01         71.61           -26.71
4702.27         71.54           -66.40
4721.62         71.46           -105.97
4741.04         71.40           -145.89
4760.54         71.32           173.94
4780.12         71.22           133.52
4799.78         71.11           93.29
4819.52         71.01           52.99
4839.35         70.94           12.77
4859.25         70.86           -27.70
4879.24         70.82           -68.42
4899.31         70.77           -109.52
4919.46         70.71           -150.92
4939.70         70.63           167.53
4960.02         70.53           125.78
4980.42         70.45           84.14
5000.91         70.36           42.22
5021.48         70.26           0.00
5042.13         70.12           -42.00
5062.87         70.00           -83.85
5083.70         69.91           -126.23
5104.61         69.86           -168.44
5125.60         69.84           149.16
5146.69         69.83           106.20
5167.86         69.83           62.78
5189.11         69.80           19.34
5210.46         69.74           -24.30
5231.89         69.67           -68.31
5253.41         69.57           -112.22
5275.02         69.46           -155.59
5296.72         69.44           160.54
5318.50         69.44           116.32
5340.38         69.41           72.01
5362.35         69.42           27.35
5384.41         69.45           -17.91
5406.55         69.50           -63.00
5428.79         69.47           -109.21
5451.12         69.42           -155.48
5473.54         69.35           158.41
5496.06         69.25           112.11
5518.67         69.19           65.72
5541.37         69.13           19.35
5564.16         69.06           -27.22
5587.05         69.03           -74.07
5610.03         69.00           -121.26
5633.10         68.92           -168.51
5656.28         68.81           144.18
5679.54         68.76           96.19
5702.90         68.62           47.97
5726.36         68.50           0.06
5749.92         68.33           -47.97
5773.57         68.20           -96.16
5797.32         68.07           -144.25
5821.16         67.96           167.37
5845.11         67.88           119.08
5869.15         67.75           70.39
5893.29         67.66           21.16
5917.53         67.50           -28.24
5941.87         67.37           -77.50
5966.31         67.25           -127.42
5990.86         67.12           -177.93
6015.50         66.99           131.22
6040.24         66.83           81.26
6065.09         66.75           31.28
6090.03         66.68           -19.23
6115.08         66.57           -70.41
6140.24         66.50           -121.16
6165.49         66.45           -172.64
6190.86         66.35           135.72
6216.32         66.23           83.74
6241.89         66.13           31.51
6267.56         66.05           -20.14
6293.34         66.02           -72.28
6319.23         66.09           -125.50
6345.22         66.06           -178.90
6371.32         66.02           128.22
6397.53         66.00           75.75
6423.85         66.02           21.68
6450.27         66.06           -32.91
6476.80         66.10           -87.49
6503.44         66.08           -142.21
6530.19         66.02           162.00
6557.05         65.95           105.76
6584.03         65.82           50.08
6611.11         65.75           -6.15
6638.30         65.69           -62.97
6665.61         65.54           -120.92
6693.02         65.33           -177.78
6720.56         65.02           125.29
6748.20         64.78           68.89
6775.96         64.65           11.77
6803.83         64.54           -46.02
6831.81         64.40           -103.90
6859.92         64.15           -162.50
6888.13         63.83           139.26
6916.47         63.64           80.07
6944.92         63.51           20.62
6973.48         63.41           -39.28
7002.17         63.27           -100.92
7030.97         63.07           -162.72
7059.89         62.69           145.45
7088.93         62.34           93.17
7118.09         62.12           29.74
7147.37         61.99           -24.33
7176.77         61.83           -63.92
7206.29         61.53           -105.98
7235.93         61.03           -126.85
7265.69         60.53           -141.68
7295.58         60.12           -173.13
7325.59         59.77           135.07
7355.72         59.24           105.45
7385.98         58.57           67.66
7416.36         57.75           21.07
7446.86         57.23           -27.31
7477.49         56.74           -77.83
7508.25         56.73           -145.75
7539.13         56.82           131.33
7570.15         56.88           57.25
7601.28         56.81           -25.15
7632.55         56.89           -125.81
7663.94         56.91           111.85
7695.47         57.11           -28.88
7727.12         57.64           -177.61
7758.91         58.12           50.36
7790.82         58.55           -63.65
7822.87         58.89           159.68
7855.05         59.19           30.69
7887.36         59.47           -88.79
7919.80         59.70           153.04
7952.38         59.85           37.92
7985.09         59.98           -69.12
8017.93         60.10           -162.74
8050.91         60.38           104.97
8084.03         60.66           10.85
8117.28         60.87           -81.16
8150.67         61.10           -150.00
8184.20         61.23           137.68
8217.86         61.37           65.89
8251.66         61.45           -5.57
8285.60         61.42           -75.72
8319.68         61.52           -145.67
8353.91         61.57           143.71
8388.27         61.63           72.90
8422.77         61.85           2.71
8457.42         62.05           -69.37
8492.21         62.24           -142.34
8527.14         62.40           145.50
8562.21         62.50           71.91
8597.43         62.59           -1.54
8632.79         62.72           -75.01
8668.30         62.78           -149.27
8703.96         62.89           136.61
8739.76         63.08           63.03
8775.71         63.20           -11.54
8811.81         63.35           -87.14
8848.05         63.53           -163.40
8884.45         63.79           120.80
8920.99         64.00           44.07
8957.69         64.06           -33.56
8994.54         64.12           -110.82
9031.53         64.30           170.95
9068.68         64.63           92.94
9105.98         64.86           14.49
9143.44         65.07           -64.50
9181.05         65.18           -144.06
9218.82         65.46           136.46
9256.74         65.75           55.93
9294.81         65.90           -24.80
9333.04         66.15           -105.98
9371.43         66.45           172.38
9409.98         66.68           90.89
9448.69         66.89           9.03
9487.55         67.07           -73.62
9526.58         67.26           -156.59
9565.76         67.60           119.95
9605.11         67.77           35.88
9644.62         67.86           -48.58
9684.29         67.99           -132.71
9724.13         68.24           142.83
9764.12         68.51           57.84
9804.29         68.65           -27.45
9844.61         68.78           -113.09
9885.11         68.98           161.22
9925.77         69.23           75.19
9966.60         69.39           -10.91
10007.59        69.63           -97.51
10048.76        69.87           175.64
10090.09        70.12           88.63
10131.59        70.33           1.08
10173.27        70.50           -86.88
10215.12        70.67           -174.57
10257.13        70.93           97.23
10299.32        71.12           8.56
10341.69        71.29           -80.35
10384.23        71.48           -169.41
10426.94        71.71           101.34
10469.83        71.91           11.57
10512.90        72.08           -79.07
10556.14        72.24           -169.87
10599.56        72.43           99.09
10643.16        72.55           7.88
10686.94        72.62           -83.69
10730.90        72.71           -175.48
10775.04        72.85           92.84
10819.36        72.96           0.69
10863.86        73.11           -92.16
10908.55        73.23           174.71
10953.42        73.34           81.20
10998.47        73.39           -12.80
11043.71        73.45           -106.71
11089.14        73.56           158.89
11134.75        73.67           64.33
11180.55        73.73           -30.57
11226.54        73.77           -125.79
11272.72        73.81           138.63
11319.09        73.88           42.76
11365.65        73.97           -53.36
11412.40        74.08           -150.15
11459.34        74.16           112.22
11506.48        74.17           14.19
11553.81        74.18           -83.93
11601.33        74.16           177.70
11649.05        74.19           78.92
11696.97        74.21           -20.44
11745.08        74.24           -120.54
11793.39        74.14           138.97
11841.90        74.01           38.33
11890.61        73.92           -62.63
11939.52        73.81           -163.69
11988.63        73.69           94.60
12037.95        73.53           -7.30
12087.46        73.37           -109.56
12137.18        73.12           148.08
12187.11        72.86           45.62
12237.24        72.67           -57.18
12287.57        72.45           -160.13
12338.12        72.18           96.68
12388.87        71.89           -7.21
12439.83        71.61           -110.86
12490.99        71.25           145.49
12542.37        71.04           41.69
12593.96        70.90           -62.43
12645.77        70.76           -166.72
12697.78        70.62           87.89
12750.01        70.49           -17.94
12802.46        70.38           -123.80
12855.12        70.20           130.01
12908.00        70.13           23.18
12961.09        70.10           -83.73
13014.40        70.01           168.72
13067.94        69.93           60.78
13121.69        69.91           -47.59
13175.66        69.85           -155.83
13229.86        69.76           95.12
13284.28        69.71           -14.15
13338.92        69.67           -122.94
13393.79        69.67           127.22
13448.88        69.75           16.65
13504.20        69.87           -93.91
13559.75        69.97           154.99
13615.52        70.19           42.97
13671.53        70.46           -69.74
13727.76        70.72           176.76
13784.23        71.04           62.37
13840.93        71.40           -52.29
13897.86        71.67           -168.10
13955.03        71.89           75.25
14012.43        72.10           -42.01
14070.06        72.32           -159.81
14127.94        72.52           80.89
14186.05        72.68           -40.14
14244.40        72.73           -161.39
14303.00        72.74           77.07
14361.83        72.70           -44.61
14420.90        72.68           -166.75
14480.22        72.60           70.59
14539.78        72.49           -52.31
14599.59        72.32           -175.56
14659.64        72.08           61.09
14719.94        71.77           -62.56
14780.49        71.52           173.44
14841.29        71.30           49.22
14902.33        71.05           -75.45
14963.63        70.79           159.53
15025.18        70.52           34.74
15086.98        70.22           -90.08
15149.04        70.03           144.53
15211.35        69.85           19.09
15273.92        69.72           -107.36
15336.75        69.61           125.68
15399.83        69.40           -1.54
15463.18        69.31           -129.46
15526.78        69.33           102.52
15590.65        69.26           -26.65
15654.78        69.24           -156.42
15719.17        69.21           73.67
15783.83        69.15           -56.99
15848.75        69.15           171.51
15913.95        69.11           39.85
15979.40        69.08           -93.11
16045.13        69.11           133.23
16111.13        69.08           -0.95
16177.40        69.01           -135.90
16243.95        68.99           89.02
16310.76        68.93           -46.70
16377.85        68.91           176.75
16445.22        68.81           39.86
16512.87        68.68           -97.95
16580.79        68.61           124.61
16648.99        68.50           -13.74
16717.47        68.44           -152.54
16786.23        68.38           68.07
16855.28        68.29           -71.55
16924.61        68.29           148.00
16994.23        68.21           7.23
17064.13        68.23           -134.24
17134.32        68.21           83.62
17204.80        68.27           -58.92
17275.57        68.34           157.38
17346.63        68.37           13.06
17417.98        68.47           -131.89
17489.63        68.56           82.34
17561.57        68.59           -64.11
17633.80        68.63           148.55
17706.34        68.71           0.57
17779.17        68.80           -148.59
17852.30        68.88           61.54
17925.73        68.95           -89.55
17999.47        68.96           119.02
18073.50        69.03           -33.19
18147.85        68.98           174.11
18222.49        69.00           20.52
18297.45        68.98           -133.89
18372.71        68.86           70.92
18448.29        68.79           -84.50
18524.17        68.71           119.46
18600.36        68.63           -37.63
18676.87        68.52           164.88
18753.70        68.41           6.29
18830.84        68.30           -152.30
18908.29        68.12           48.13
18986.07        67.95           -112.14
19064.17        67.76           87.43
19142.58        67.58           -73.70
19221.32        67.39           124.66
19300.38        67.25           -38.33
19379.77        67.01           157.94
19459.49        66.79           -6.24
19539.53        66.63           -171.01
19619.90        66.44           23.45
19700.61        66.17           -142.93
19781.64        65.93           50.36
19863.01        65.73           -117.60
19944.71        65.53           73.97
20026.75        65.33           -95.21
20109.13        65.08           95.02
20191.84        64.83           -75.24
20274.90        64.63           113.54
20358.29        64.46           -58.63
20442.04        64.26           127.22
20526.12        63.97           -55.40
20610.55        63.85           106.98
20695.33        63.59           -91.65
20780.45        63.38           50.00
20865.93        63.17           -165.14
20951.76        63.06           -23.64
21037.94        62.83           109.16
21124.47        62.77           -142.32
21211.37        62.68           -33.57
21298.62        62.57           49.91
21386.22        62.46           126.43
21474.19        62.46           -128.86
21562.52        62.40           -17.04
21651.22        62.37           110.82
21740.28        62.39           -82.61
21829.70        62.34           75.98
21919.49        62.28           -127.07
22009.65        62.28           43.92
22100.19        62.29           -95.99
22191.09        62.23           124.32
22282.37        62.09           -0.13
22374.03        62.00           -97.46
22466.06        61.85           -99.79
22558.47        61.65           -124.21
22651.26        61.53           -166.29
22744.43        61.38           -166.49
22837.98        61.17           155.42
22931.92        61.08           103.11
23026.25        60.87           88.15
23120.96        60.56           81.30
23216.07        60.47           76.24
23311.56        60.35           85.71
23407.45        60.22           96.45
23503.73        60.09           72.92
23600.41        60.05           -17.39
23697.49        59.99           -82.06
23794.96        59.95           -165.71
23892.84        59.98           127.48
23991.12        60.01           110.04
24089.80        60.04           128.30
24188.89        60.04           178.93
24288.39        60.11           137.38
24388.29        60.08           5.60
24488.61        60.06           -170.86
24589.34        60.10           9.88
24690.48        60.11           177.80
24792.04        60.22           -8.45
24894.02        60.27           57.94
24996.42        60.33           135.30
25099.24        60.34           -116.98
25202.48        60.43           -62.93
25306.14        60.53           -2.14
25410.23        60.53           -19.71
25514.75        60.59           -75.73
25619.71        60.62           -150.11
25725.09        60.66           106.40
25830.90        60.63           113.11
25937.15        60.70           -166.76
26043.84        60.69           -71.68
26150.97        60.65           -56.54
26258.53        60.75           -25.89
26366.54        60.73           -20.67
26475.00        60.70           95.70
26583.90        60.72           -165.84
26693.24        60.70           -73.75
26803.04        60.73           30.08
26913.29        60.67           92.15
27023.99        60.66           119.92
27135.15        60.65           101.21
27246.77        60.66           113.57
27358.84        60.71           94.85
27471.38        60.81           21.10
27584.38        60.86           36.12
27697.84        60.96           35.23
27811.77        60.95           26.40
27926.17        60.90           12.50
28041.04        60.93           7.36
28156.38        60.95           9.10
28272.19        60.96           84.58
28388.49        61.05           -100.95
28505.26        61.05           79.30
28622.51        61.14           -121.34
28740.24        61.20           69.18
28858.46        61.27           -69.17
28977.16        61.30           125.14
29096.36        61.29           -50.94
29216.04        61.32           -90.73
29336.21        61.32           -134.22
29456.88        61.30           -159.04
29578.05        61.36           161.70
29699.71        61.37           76.86
29821.88        61.36           -21.30
29944.54        61.40           -144.52
30067.71        61.44           -19.68
30191.39        61.44           102.92
30315.58        61.45           -143.90
30440.28        61.41           160.37
30565.49        61.51           163.04
30691.21        61.56           158.40
30817.46        61.68           -100.27
30944.22        61.70           68.94
31071.50        61.71           119.31
31199.31        61.75           112.20
31327.64        61.79           141.39
31456.50        61.82           -172.07
31585.89        61.86           -100.37
31715.81        61.91           62.57
31846.27        61.95           -111.31
31977.26        61.94           -112.30
32108.80        61.90           -74.91
32240.87        61.95           -41.46
32373.49        62.01           -136.41
32506.65        61.99           49.19
32640.36        61.93           -60.76
32774.62        61.91           109.98
32909.43        61.92           -137.78
33044.80        61.90           -29.60
33180.72        61.85           96.39
33317.21        61.85           137.05
33454.25        61.92           -148.00
33591.86        61.97           3.88
33730.04        62.01           25.36
33868.78        62.05           25.31
34008.09        62.09           -87.75
34147.98        62.19           -19.57
34288.44        62.21           80.57
34429.48        62.17           166.73
34571.10        62.15           -154.26
34713.30        62.17           -136.56
34856.09        62.15           -132.13
34999.46        62.17           -67.38
35143.43        62.21           77.26
35287.98        62.24           -87.50
35433.13        62.25           164.16
35578.88        62.29           55.21
35725.23        62.32           27.41
35872.18        62.35           81.01
36019.73        62.41           137.25
36167.89        62.46           -114.77
36316.66        62.49           103.73
36466.04        62.50           57.84
36616.04        62.57           80.52
36766.65        62.59           154.07
36917.89        62.66           -151.86
37069.74        62.70           -117.95
37222.22        62.82           -156.75
37375.33        62.92           138.57
37529.07        62.96           -46.99
37683.43        63.02           109.18
37838.44        62.93           -154.21
37994.08        62.97           -122.53
38150.36        62.97           -57.00
38307.29        62.86           15.95
38464.86        62.91           96.98
38623.07        62.95           139.02
38781.94        62.97           112.52
38941.46        63.00           -22.18
39101.64        63.03           -110.10
39262.48        63.08           172.87
39423.98        63.10           -132.64
39586.14        63.07           -41.52
39748.98        63.01           64.10
39912.48        63.08           -139.61
40076.65        63.13           -11.27
40241.50        63.27           -124.00
40407.02        63.27           74.05
40573.23        63.33           -177.94
40740.12        63.47           -175.92
40907.70        63.50           3.94
41075.96        63.56           147.21
41244.92        63.66           -167.64
41414.57        63.73           -116.29
41584.93        63.75           -143.93
41755.98        63.79           151.98
41927.73        63.87           -85.71
42100.19        63.91           36.48
42273.36        64.04           170.00
42447.25        64.05           -11.77
42621.84        64.12           -79.21
42797.16        64.18           -38.45
42973.20        64.38           178.50
43149.96        64.49           70.38
43327.45        64.51           88.00
43505.67        64.55           -51.42
43684.62        64.56           -143.86
43864.31        64.57           -173.56
44044.74        64.61           -136.80
44225.91        64.71           -9.58
44407.82        64.77           -135.91
44590.49        64.82           -50.09
