Freq[Hz]        [dBSPL]         Phase[Deg]
10.00           107.14          -170.30
10.04           107.11          -172.00
10.08           107.09          -173.82
10.12           107.07          -175.75
10.17           107.05          -177.80
10.21           107.03          -179.95
10.25           107.01          177.79
10.29           107.00          175.44
10.33           106.96          171.31
10.38           106.92          166.88
10.42           106.90          162.16
10.46           106.87          157.17
10.50           106.85          151.92
10.55           106.84          146.43
10.59           106.83          140.74
10.64           106.82          134.85
10.68           106.82          128.80
10.72           106.81          122.63
10.77           106.81          116.35
10.81           106.81          110.00
10.86           106.80          103.60
10.90           106.80          97.20
10.95           106.79          90.82
10.99           106.78          84.49
11.04           106.77          78.26
11.08           106.75          72.14
11.13           106.73          66.19
11.17           106.70          60.43
11.22           106.67          54.90
11.26           106.62          49.64
11.31           106.57          44.69
11.36           106.51          40.10
11.40           106.43          35.89
11.45           106.35          32.11
11.50           106.25          28.79
11.55           106.14          25.98
11.59           106.02          23.68
11.64           105.89          21.94
11.69           105.74          20.75
11.74           105.57          20.15
11.78           105.39          20.13
11.83           105.20          20.70
11.88           104.99          21.86
11.93           104.77          23.61
11.98           104.53          25.92
12.03           104.28          28.78
12.08           104.02          32.17
12.13           103.74          36.07
12.18           103.45          40.43
12.23           103.15          45.22
12.28           102.85          50.41
12.33           102.53          55.97
12.38           102.20          61.85
12.43           101.87          68.02
12.48           101.54          74.44
12.53           101.20          81.07
12.58           100.86          87.87
12.64           100.51          94.80
12.69           100.17          101.81
12.74           99.83           108.87
12.79           99.49           115.92
12.85           99.16           122.92
12.90           98.84           129.83
12.95           98.52           136.61
13.00           98.21           143.21
13.06           97.92           149.61
13.11           97.63           155.78
13.17           97.36           161.69
13.22           97.11           167.31
13.27           96.87           172.63
13.33           96.64           177.64
13.38           96.44           -177.67
13.44           96.25           -173.32
13.49           96.07           -169.29
13.55           95.91           -165.59
13.61           95.77           -162.21
13.66           95.64           -159.13
13.72           95.52           -156.35
13.77           95.41           -153.83
13.83           95.31           -151.58
13.89           95.23           -149.56
13.94           95.15           -147.77
14.00           95.08           -146.19
14.06           95.01           -144.80
14.12           94.95           -143.57
14.18           94.89           -142.50
14.23           94.83           -141.56
14.29           94.77           -140.74
14.35           94.71           -140.01
14.41           94.65           -139.35
14.47           94.59           -138.75
14.53           94.53           -138.19
14.59           94.46           -137.65
14.65           94.39           -137.12
14.71           94.31           -136.57
14.77           94.23           -136.00
14.83           94.14           -135.38
14.89           94.05           -134.72
14.95           93.96           -133.98
15.01           93.87           -133.16
15.08           93.77           -132.25
15.14           93.67           -131.23
15.20           93.57           -130.10
15.26           93.48           -128.84
15.33           93.39           -127.45
15.39           93.30           -125.90
15.45           93.23           -124.20
15.52           93.16           -122.32
15.58           93.10           -120.26
15.64           93.05           -118.01
15.71           93.02           -115.55
15.77           93.00           -112.86
15.84           93.01           -109.96
15.90           93.03           -106.83
15.97           93.07           -103.48
16.03           93.14           -99.92
16.10           93.22           -96.16
16.17           93.33           -92.21
16.23           93.46           -88.09
16.30           93.62           -83.84
16.37           93.79           -79.49
16.43           93.98           -75.06
16.50           94.19           -70.61
16.57           94.41           -66.18
16.64           94.64           -61.81
16.70           94.88           -57.58
16.77           95.14           -53.53
16.84           95.39           -49.74
16.91           95.65           -46.25
16.98           95.91           -43.15
17.05           96.16           -40.49
17.12           96.41           -38.35
17.19           96.65           -36.78
17.26           96.89           -35.84
17.33           97.11           -35.58
17.40           97.31           -36.03
17.48           97.50           -37.22
17.55           97.68           -39.17
17.62           97.84           -41.88
17.69           97.97           -45.36
17.77           98.09           -49.59
17.84           98.18           -54.54
17.91           98.25           -60.19
17.99           98.30           -66.49
18.06           98.32           -73.37
18.13           98.31           -80.78
18.21           98.28           -88.62
18.28           98.22           -96.83
18.36           98.13           -105.29
18.43           98.01           -113.93
18.51           97.87           -122.65
18.59           97.69           -131.35
18.66           97.48           -139.96
18.74           97.23           -148.39
18.82           96.96           -156.58
18.89           96.65           -164.48
18.97           96.31           -172.04
19.05           95.94           -179.23
19.13           95.53           173.97
19.21           95.09           167.57
19.29           94.62           161.57
19.37           94.11           155.95
19.44           93.57           150.68
19.52           93.00           145.72
19.61           92.41           141.02
19.69           91.78           136.51
19.77           91.13           132.11
19.85           90.46           127.74
19.93           89.77           123.32
20.01           89.07           118.76
20.09           88.36           113.97
20.18           87.64           108.90
20.26           86.92           103.49
20.34           86.21           97.68
20.43           85.50           91.43
20.51           84.81           84.72
20.59           84.13           77.53
20.68           83.47           69.84
20.76           82.83           61.67
20.85           82.22           53.01
20.94           81.63           43.91
21.02           81.07           34.39
21.11           80.53           24.50
21.20           80.02           14.30
21.28           79.53           3.87
21.37           79.06           -6.72
21.46           78.60           -17.40
21.55           78.15           -28.09
21.63           77.72           -38.72
21.72           77.29           -49.23
21.81           76.87           -59.54
21.90           76.46           -69.59
21.99           76.06           -79.33
22.08           75.66           -88.69
22.17           75.27           -97.61
22.27           74.89           -106.05
22.36           74.52           -113.96
22.45           74.17           -121.28
22.54           73.84           -127.97
22.63           73.54           -134.00
22.73           73.28           -139.32
22.82           73.07           -143.90
22.91           72.91           -147.71
23.01           72.83           -150.71
23.10           72.82           -152.91
23.20           72.90           -154.27
23.29           73.05           -154.80
23.39           73.26           -154.51
23.49           73.53           -153.40
23.58           73.84           -151.48
23.68           74.15           -148.80
23.78           74.46           -145.39
23.87           74.75           -141.28
23.97           74.99           -136.54
24.07           75.17           -131.22
24.17           75.29           -125.39
24.27           75.34           -119.14
24.37           75.32           -112.55
24.47           75.23           -105.71
24.57           75.09           -98.70
24.67           74.88           -91.62
24.77           74.60           -84.55
24.88           74.26           -77.60
24.98           73.83           -70.84
25.08           73.30           -64.39
25.18           72.66           -58.33
25.29           71.90           -52.77
25.39           70.98           -47.80
25.50           69.90           -43.54
25.60           68.65           -40.07
25.71           67.23           -37.52
25.81           65.66           -35.95
25.92           64.01           -35.42
26.02           62.34           -35.97
26.13           60.79           -37.58
26.24           59.52           -40.22
26.35           58.78           -43.84
26.45           58.75           -48.32
26.56           59.46           -53.55
26.67           60.70           -59.35
26.78           62.25           -65.54
26.89           63.89           -71.89
27.00           65.50           -78.11
27.11           67.00           -83.93
27.23           68.34           -89.02
27.34           69.51           -93.10
27.45           70.50           -95.93
27.56           71.34           -97.32
27.68           72.03           -97.11
27.79           72.60           -95.21
27.90           73.05           -91.59
28.02           73.41           -86.26
28.14           73.69           -79.29
28.25           73.89           -70.81
28.37           74.03           -61.01
28.48           74.09           -50.13
28.60           74.09           -38.47
28.72           74.01           -26.33
28.84           73.84           -14.03
28.96           73.58           -1.85
29.07           73.24           9.99
29.19           72.80           21.31
29.31           72.28           31.98
29.43           71.68           41.93
29.56           71.03           51.16
29.68           70.32           59.71
29.80           69.57           67.69
29.92           68.81           75.26
30.04           68.04           82.62
30.17           67.28           89.99
30.29           66.55           97.57
30.42           65.84           105.55
30.54           65.17           114.05
30.67           64.55           123.13
30.79           63.98           132.80
30.92           63.47           142.98
31.05           63.01           153.54
31.18           62.61           164.27
31.30           62.26           174.88
31.43           61.96           -174.97
31.56           61.70           -165.62
31.69           61.47           -157.38
31.82           61.27           -150.55
31.95           61.08           -145.37
32.08           60.90           -142.00
32.22           60.73           -140.50
32.35           60.55           -140.83
32.48           60.37           -142.85
32.62           60.18           -146.31
32.75           59.97           -150.87
32.88           59.76           -156.10
33.02           59.53           -161.54
33.16           59.30           -166.78
33.29           59.05           -171.39
33.43           58.80           -174.95
33.57           58.55           -177.14
33.70           58.31           -177.77
33.84           58.09           -176.72
33.98           57.90           -174.03
34.12           57.75           -169.81
34.26           57.67           -164.34
34.40           57.68           -157.91
34.54           57.79           -150.88
34.69           58.02           -143.65
34.83           58.36           -136.63
34.97           58.80           -130.27
35.12           59.31           -124.94
35.26           59.85           -120.93
35.41           60.38           -118.46
35.55           60.86           -117.66
35.70           61.26           -118.57
35.84           61.56           -121.16
35.99           61.79           -125.32
36.14           61.94           -130.89
36.29           62.02           -137.63
36.44           62.06           -145.20
36.59           62.05           -153.30
36.74           61.99           -161.60
36.89           61.89           -169.78
37.04           61.74           -177.57
37.19           61.55           175.30
37.35           61.32           169.05
37.50           61.10           163.82
37.65           60.93           159.72
37.81           60.90           156.79
37.97           61.06           154.99
38.12           61.44           154.26
38.28           61.96           154.48
38.44           62.48           155.48
38.59           62.93           157.08
38.75           63.25           159.07
38.91           63.47           161.27
39.07           63.60           163.50
39.23           63.67           165.56
39.39           63.69           167.31
39.56           63.68           168.59
39.72           63.62           169.30
39.88           63.53           169.39
40.05           63.39           168.85
40.21           63.17           167.71
40.38           62.88           166.01
40.54           62.51           163.83
40.71           62.12           161.25
40.88           61.87           158.42
41.04           61.96           155.47
41.21           62.45           152.52
41.38           63.21           149.68
41.55           64.03           147.02
41.72           64.79           144.61
41.90           65.43           142.47
42.07           65.95           140.61
42.24           66.37           139.04
42.42           66.70           137.71
42.59           66.98           136.58
42.76           67.21           135.59
42.94           67.41           134.71
43.12           67.58           133.89
43.29           67.72           133.11
43.47           67.83           132.33
43.65           67.89           131.52
43.83           67.91           130.68
44.01           67.89           129.77
44.19           67.86           128.79
44.37           67.85           127.73
44.56           67.88           126.57
44.74           67.97           125.31
44.92           68.11           123.96
45.11           68.29           122.52
45.29           68.50           121.00
45.48           68.71           119.42
45.67           68.92           117.81
45.86           69.11           116.19
46.04           69.28           114.58
46.23           69.41           112.99
46.42           69.52           111.45
46.61           69.60           109.95
46.81           69.65           108.51
47.00           69.66           107.13
47.19           69.66           105.80
47.39           69.63           104.52
47.58           69.58           103.28
47.78           69.51           102.07
47.97           69.44           100.87
48.17           69.36           99.67
48.37           69.28           98.45
48.57           69.21           97.18
48.77           69.15           95.85
48.97           69.11           94.43
49.17           69.09           92.89
49.37           69.10           91.23
49.58           69.13           89.42
49.78           69.20           87.45
49.98           69.29           85.31
50.19           69.41           82.99
50.40           69.56           80.52
50.60           69.73           77.91
50.81           69.91           75.22
51.02           70.10           72.50
51.23           70.30           69.82
51.44           70.50           67.25
51.65           70.69           64.87
51.86           70.87           62.72
52.08           71.04           60.80
52.29           71.19           59.13
52.51           71.33           57.67
52.72           71.45           56.39
52.94           71.55           55.22
53.16           71.64           54.13
53.38           71.70           53.09
53.60           71.76           52.08
53.82           71.80           51.07
54.04           71.83           50.06
54.26           71.85           49.03
54.48           71.88           47.95
54.71           71.92           46.79
54.93           71.96           45.54
55.16           72.01           44.18
55.39           72.08           42.76
55.61           72.15           41.31
55.84           72.23           39.90
56.07           72.32           38.61
56.30           72.41           37.48
56.53           72.51           36.54
56.77           72.63           35.76
57.00           72.77           35.07
57.23           72.94           34.38
57.47           73.15           33.60
57.71           73.39           32.65
57.94           73.65           31.51
58.18           73.92           30.14
58.42           74.17           28.59
58.66           74.38           26.89
58.90           74.55           25.09
59.15           74.66           23.18
59.39           74.74           21.16
59.63           74.80           19.04
59.88           74.84           16.82
60.12           74.87           14.51
60.37           74.90           12.15
60.62           74.93           9.83
60.87           74.95           7.65
61.12           74.95           5.66
61.37           74.92           3.92
61.62           74.87           2.44
61.88           74.78           1.19
62.13           74.69           0.10
62.39           74.60           -0.95
62.64           74.55           -2.05
62.90           74.54           -3.28
63.16           74.58           -4.70
63.42           74.66           -6.32
63.68           74.77           -8.12
63.94           74.91           -10.07
64.21           75.06           -12.11
64.47           75.23           -14.22
64.74           75.40           -16.36
65.00           75.57           -18.51
65.27           75.75           -20.68
65.54           75.94           -22.87
65.81           76.12           -25.07
66.08           76.30           -27.29
66.35           76.47           -29.51
66.62           76.63           -31.71
66.90           76.79           -33.89
67.17           76.95           -36.04
67.45           77.11           -38.17
67.73           77.27           -40.32
68.00           77.42           -42.51
68.28           77.57           -44.79
68.56           77.71           -47.22
68.85           77.83           -49.83
69.13           77.93           -52.63
69.41           78.02           -55.63
69.70           78.10           -58.81
69.99           78.17           -62.13
70.27           78.24           -65.56
70.56           78.31           -69.08
70.85           78.38           -72.70
71.14           78.45           -76.41
71.44           78.51           -80.24
71.73           78.57           -84.19
72.03           78.61           -88.27
72.32           78.64           -92.43
72.62           78.65           -96.65
72.92           78.65           -100.85
73.22           78.63           -105.01
73.52           78.59           -109.08
73.82           78.53           -113.05
74.13           78.45           -116.92
74.43           78.35           -120.71
74.74           78.23           -124.43
75.04           78.08           -128.09
75.35           77.90           -131.70
75.66           77.69           -135.27
75.97           77.44           -138.77
76.29           77.15           -142.16
76.60           76.82           -145.43
76.92           76.45           -148.52
77.23           76.04           -151.42
77.55           75.58           -154.12
77.87           75.10           -156.62
78.19           74.58           -158.95
78.51           74.05           -161.12
78.83           73.50           -163.18
79.16           72.94           -165.12
79.48           72.39           -166.94
79.81           71.85           -168.61
80.14           71.33           -170.09
80.47           70.83           -171.34
80.80           70.36           -172.35
81.13           69.92           -173.14
81.47           69.49           -173.76
81.80           69.08           -174.28
82.14           68.69           -174.73
82.47           68.32           -175.14
82.81           67.98           -175.49
83.15           67.66           -175.75
83.50           67.36           -175.92
83.84           67.07           -176.04
84.19           66.75           -176.15
84.53           66.39           -176.29
84.88           66.00           -176.40
85.23           65.57           -176.37
85.58           65.14           -175.97
85.93           64.75           -175.01
86.28           64.48           -173.49
86.64           64.44           -171.61
87.00           64.61           -169.79
87.35           64.86           -168.47
87.71           65.10           -167.91
88.07           65.26           -168.12
88.44           65.32           -168.88
88.80           65.32           -169.88
89.16           65.30           -170.88
89.53           65.30           -171.75
89.90           65.34           -172.49
90.27           65.44           -173.22
90.64           65.59           -174.13
91.01           65.78           -175.48
91.39           65.96           -177.41
91.76           66.10           -179.91
92.14           66.15           177.22
92.52           66.11           174.35
92.90           66.02           171.85
93.28           65.92           169.92
93.67           65.84           168.62
94.05           65.80           167.88
94.44           65.80           167.56
94.83           65.83           167.45
95.22           65.87           167.29
95.61           65.92           166.74
96.00           65.97           165.54
96.40           66.00           163.64
96.79           65.97           161.16
97.19           65.87           158.36
97.59           65.69           155.45
97.99           65.45           152.57
98.40           65.21           149.73
98.80           65.03           146.94
99.21           64.99           144.16
99.62           65.09           141.28
100.03          65.25           138.16
100.44          65.38           134.63
100.85          65.45           130.71
101.26          65.45           126.60
101.68          65.38           122.66
102.10          65.26           119.13
102.52          65.12           116.02
102.94          65.00           113.11
103.36          64.98           110.07
103.79          65.04           106.78
104.22          65.15           103.32
104.65          65.21           99.87
105.08          65.18           96.55
105.51          65.04           93.30
105.94          64.80           90.03
106.38          64.53           86.64
106.82          64.30           83.09
107.25          64.15           79.39
107.70          64.09           75.51
108.14          64.09           71.43
108.58          64.13           67.13
109.03          64.19           62.72
109.48          64.23           58.34
109.93          64.25           54.14
110.38          64.25           50.09
110.84          64.27           46.02
111.29          64.31           41.72
111.75          64.35           37.04
112.21          64.39           31.91
112.67          64.44           26.29
113.13          64.53           20.14
113.60          64.70           13.53
114.07          64.94           6.64
114.54          65.21           -0.27
115.01          65.47           -6.94
115.48          65.71           -13.22
115.95          65.92           -19.05
116.43          66.09           -24.64
116.91          66.24           -30.36
117.39          66.37           -36.59
117.87          66.51           -43.36
118.36          66.68           -50.40
118.85          66.89           -57.34
119.33          67.12           -63.91
119.83          67.33           -69.98
120.32          67.49           -75.50
120.81          67.59           -80.54
121.31          67.67           -85.24
121.81          67.77           -89.85
122.31          67.90           -94.59
122.81          68.06           -99.69
123.32          68.22           -105.23
123.83          68.39           -111.03
124.34          68.56           -116.69
124.85          68.72           -121.83
125.36          68.86           -126.39
125.88          68.96           -130.57
126.39          69.02           -134.69
126.91          69.06           -138.96
127.44          69.12           -143.42
127.96          69.21           -148.00
128.49          69.30           -152.63
129.01          69.39           -157.29
129.55          69.45           -161.97
130.08          69.48           -166.55
130.61          69.49           -170.95
131.15          69.49           -175.16
131.69          69.48           -179.31
132.23          69.43           176.48
132.78          69.38           172.15
133.32          69.35           167.70
133.87          69.34           163.22
134.42          69.35           158.83
134.97          69.33           154.65
135.53          69.29           150.79
136.09          69.19           147.21
136.65          69.07           143.70
137.21          68.94           139.97
137.77          68.81           135.92
138.34          68.68           131.71
138.91          68.55           127.61
139.48          68.42           123.79
140.05          68.29           120.30
140.63          68.16           117.14
141.21          68.00           114.28
141.79          67.79           111.62
142.37          67.54           109.00
142.96          67.29           106.22
143.55          67.07           103.22
144.14          66.88           100.12
144.73          66.70           97.12
145.32          66.53           94.40
145.92          66.35           92.13
146.52          66.14           90.22
147.13          65.91           88.31
147.73          65.67           86.20
148.34          65.42           84.07
148.95          65.16           82.22
149.56          64.90           80.60
150.18          64.67           78.95
150.79          64.45           77.09
151.41          64.23           75.04
152.04          64.00           73.00
152.66          63.75           71.21
153.29          63.51           69.73
153.92          63.31           68.54
154.55          63.12           67.59
155.19          62.93           66.65
155.83          62.71           65.50
156.47          62.48           64.29
157.11          62.27           63.35
157.76          62.12           62.64
158.41          62.05           61.81
159.06          62.01           60.74
159.71          61.95           59.65
160.37          61.87           58.70
161.03          61.78           57.94
161.69          61.69           57.28
162.36          61.59           56.52
163.03          61.47           55.53
163.70          61.36           54.37
164.37          61.29           53.30
165.05          61.28           52.50
165.72          61.28           51.97
166.41          61.25           51.44
167.09          61.23           50.50
167.78          61.20           49.15
168.47          61.16           47.89
169.16          61.10           47.12
169.86          61.01           46.73
170.56          60.92           46.33
171.26          60.86           45.51
171.96          60.88           44.33
172.67          60.95           43.56
173.38          61.08           43.14
174.09          61.28           41.21
174.81          61.51           36.90
175.53          61.74           32.48
176.25          61.94           30.13
176.97          62.18           29.30
177.70          62.40           28.77
178.43          62.52           28.08
179.17          62.54           26.88
179.90          62.57           24.92
180.64          62.66           22.45
181.39          62.82           20.09
182.13          62.99           18.41
182.88          63.10           17.27
183.63          63.14           15.76
184.39          63.15           13.77
185.15          63.11           12.93
185.91          63.03           13.98
186.67          62.94           15.09
187.44          62.85           14.72
188.21          62.73           13.12
188.99          62.61           10.92
189.76          62.51           8.65
190.55          62.48           6.71
191.33          62.51           5.08
192.12          62.57           3.66
192.91          62.56           2.30
193.70          62.48           0.66
194.50          62.44           -1.54
195.30          62.45           -3.92
196.10          62.47           -5.93
196.91          62.44           -7.60
197.72          62.36           -9.19
198.53          62.29           -10.97
199.35          62.26           -13.23
200.17          62.26           -15.59
200.99          62.20           -17.38
201.82          62.08           -18.77
202.65          61.94           -20.29
203.48          61.75           -21.92
204.32          61.53           -23.40
205.16          61.38           -24.44
206.00          61.32           -24.62
206.85          61.26           -24.00
207.70          61.20           -23.20
208.55          61.24           -22.38
209.41          61.39           -21.55
210.27          61.53           -21.06
211.14          61.70           -21.14
212.01          61.96           -21.64
212.88          62.29           -22.22
213.75          62.64           -22.89
214.63          62.98           -23.81
215.52          63.35           -24.95
216.40          63.77           -26.25
217.29          64.14           -27.79
218.19          64.42           -29.84
219.08          64.63           -32.63
219.99          64.80           -35.91
220.89          64.94           -39.35
221.80          65.02           -43.07
222.71          65.06           -46.88
223.63          65.12           -50.42
224.55          65.17           -53.82
225.47          65.14           -57.02
226.40          65.05           -59.93
227.33          64.93           -62.63
228.26          64.81           -65.27
229.20          64.65           -67.89
230.15          64.46           -70.37
231.09          64.27           -72.85
232.04          64.10           -75.42
233.00          64.00           -77.87
233.96          63.94           -79.96
234.92          63.89           -81.75
235.88          63.84           -83.55
236.86          63.78           -85.54
237.83          63.75           -87.54
238.81          63.77           -89.27
239.79          63.76           -90.77
240.78          63.76           -92.30
241.77          63.89           -94.07
242.76          64.07           -95.88
243.76          64.22           -97.73
244.76          64.35           -99.88
245.77          64.48           -102.10
246.78          64.60           -104.31
247.80          64.64           -106.67
248.81          64.64           -109.25
249.84          64.70           -112.10
250.87          64.80           -114.88
251.90          64.84           -117.36
252.93          64.90           -120.10
253.97          64.99           -122.93
255.02          65.09           -125.86
256.07          65.11           -129.14
257.12          65.05           -132.37
258.18          64.99           -135.58
259.24          64.96           -138.73
260.31          64.91           -141.58
261.38          64.81           -144.50
262.45          64.74           -147.58
263.53          64.70           -150.70
264.62          64.62           -153.85
265.70          64.47           -157.02
266.80          64.30           -159.96
267.90          64.16           -162.84
269.00          63.96           -165.59
270.10          63.70           -167.91
271.21          63.43           -169.96
272.33          63.22           -171.66
273.45          63.01           -173.36
274.58          62.79           -175.19
275.70          62.54           -176.73
276.84          62.28           -178.21
277.98          62.09           -179.31
279.12          61.92           -179.77
280.27          61.73           179.93
281.42          61.67           179.59
282.58          61.64           179.48
283.74          61.58           179.43
284.91          61.66           179.28
286.08          61.94           179.14
287.26          62.05           178.92
288.44          62.14           177.93
289.63          62.42           176.53
290.82          62.96           175.23
292.01          63.46           174.00
293.21          63.76           172.81
294.42          64.10           171.62
295.63          64.36           169.83
296.85          64.61           167.31
298.07          64.91           164.88
299.29          65.18           162.50
300.53          65.47           159.70
301.76          65.74           156.61
303.00          66.01           153.14
304.25          66.17           149.56
305.50          66.42           145.97
306.76          66.71           142.60
308.02          66.95           139.15
309.29          67.10           135.76
310.56          67.22           132.40
311.84          67.50           128.54
313.12          67.66           124.41
314.41          67.82           120.50
315.70          67.96           116.82
317.00          68.08           112.53
318.30          68.20           107.80
319.61          68.32           103.42
320.93          68.43           99.10
322.25          68.51           94.89
323.57          68.58           90.84
324.90          68.59           86.41
326.24          68.62           81.88
327.58          68.61           77.69
328.93          68.61           73.38
330.28          68.59           69.14
331.64          68.50           65.19
333.00          68.49           61.25
334.37          68.45           57.32
335.75          68.43           53.07
337.13          68.40           48.97
338.52          68.36           45.35
339.91          68.29           41.89
341.31          68.20           38.18
342.71          68.13           34.27
344.12          68.11           30.47
345.54          68.07           26.65
346.96          67.99           22.99
348.38          67.90           19.31
349.82          67.83           15.45
351.26          67.75           11.62
352.70          67.66           7.49
354.15          67.55           3.39
355.61          67.49           -0.37
357.07          67.39           -4.23
358.54          67.29           -7.71
360.02          67.17           -11.45
361.50          67.09           -15.41
362.98          67.01           -19.21
364.48          66.95           -22.89
365.98          66.88           -26.28
367.48          66.83           -29.78
368.99          66.74           -33.23
370.51          66.73           -36.57
372.03          66.63           -39.92
373.56          66.54           -43.14
375.10          66.45           -46.30
376.64          66.35           -49.43
378.19          66.23           -52.63
379.75          66.10           -55.58
381.31          65.95           -59.36
382.88          65.89           -62.35
384.45          65.78           -65.22
386.04          65.68           -68.01
387.62          65.57           -70.79
389.22          65.36           -73.88
390.82          65.24           -76.39
392.43          65.13           -79.50
394.04          64.99           -83.03
395.66          64.89           -86.03
397.29          64.88           -89.10
398.92          64.82           -91.88
400.56          64.74           -95.34
402.21          64.73           -98.90
403.87          64.78           -102.29
405.53          64.80           -106.28
407.20          64.65           -111.15
408.87          64.69           -114.31
410.55          64.57           -118.55
412.24          64.49           -122.28
413.94          64.41           -126.34
415.64          64.33           -130.66
417.35          64.32           -134.12
419.07          64.20           -137.12
420.79          64.11           -140.84
422.52          63.93           -145.35
424.26          63.79           -149.12
426.00          63.72           -152.59
427.76          63.56           -155.70
429.51          63.44           -159.20
431.28          63.29           -161.48
433.06          63.29           -163.48
434.84          63.07           -166.91
436.63          63.01           -169.46
438.42          62.95           -172.40
440.22          62.90           -175.04
442.04          62.87           -177.70
443.85          62.73           179.15
445.68          62.74           176.21
447.51          62.70           173.20
449.35          62.76           170.57
451.20          62.87           167.44
453.06          62.95           165.12
454.92          63.11           161.71
456.79          63.13           158.49
458.67          63.24           155.74
460.56          63.37           152.59
462.45          63.47           148.70
464.35          63.65           145.06
466.26          63.70           141.33
468.18          63.89           137.15
470.11          64.10           132.67
472.04          64.28           128.88
473.98          64.42           124.56
475.93          64.51           120.47
477.89          64.57           115.93
479.86          64.71           111.35
481.83          64.79           106.31
483.81          64.79           101.67
485.80          64.85           97.29
487.80          64.86           92.03
489.81          64.90           87.74
491.82          64.93           83.33
493.85          64.89           78.84
495.88          64.89           74.00
497.92          64.81           69.98
499.96          64.66           65.87
502.02          64.58           61.05
504.09          64.61           56.78
506.16          64.58           52.69
508.24          64.54           48.96
510.33          64.42           45.71
512.43          64.31           41.24
514.54          64.27           37.92
516.66          64.27           34.48
518.78          64.29           31.57
520.91          64.23           28.00
523.06          64.26           25.59
525.21          64.27           21.96
527.37          64.39           19.10
529.54          64.48           16.12
531.72          64.60           13.20
533.90          64.70           10.42
536.10          64.75           6.92
538.30          65.00           3.66
540.52          65.22           0.24
542.74          65.43           -4.07
544.97          65.77           -7.23
547.22          66.09           -11.67
549.47          66.32           -16.21
551.73          66.62           -20.96
554.00          66.90           -26.13
556.28          67.13           -32.23
558.56          67.38           -37.24
560.86          67.58           -43.02
563.17          67.76           -48.99
565.48          67.93           -55.16
567.81          68.08           -61.27
570.15          68.21           -67.18
572.49          68.25           -73.40
574.85          68.32           -79.60
577.21          68.36           -85.56
579.59          68.36           -91.68
581.97          68.30           -97.73
584.36          68.29           -103.88
586.77          68.26           -110.19
589.18          68.20           -115.99
591.60          68.19           -121.87
594.04          68.11           -127.71
596.48          68.05           -133.47
598.93          67.98           -139.17
601.40          67.91           -144.69
603.87          67.87           -150.10
606.36          67.78           -155.57
608.85          67.76           -161.19
611.35          67.70           -166.38
613.87          67.69           -171.82
616.39          67.66           -177.37
618.93          67.72           177.13
621.47          67.75           172.43
624.03          67.77           167.59
626.60          67.83           162.05
629.18          67.82           156.54
631.76          67.95           150.89
634.36          68.01           145.52
636.97          68.10           139.52
639.59          68.16           133.75
642.22          68.24           127.74
644.86          68.39           121.45
647.52          68.46           114.89
650.18          68.55           108.21
652.85          68.58           101.16
655.54          68.59           94.54
658.24          68.58           87.74
660.94          68.56           80.51
663.66          68.49           73.37
666.39          68.41           66.22
669.13          68.28           59.52
671.89          68.06           52.66
674.65          67.86           45.58
677.42          67.65           39.63
680.21          67.46           33.68
683.01          67.18           28.19
685.82          66.83           23.01
688.64          66.55           18.52
691.47          66.28           14.53
694.32          66.03           11.07
697.17          65.86           6.83
700.04          65.68           3.24
702.92          65.55           -0.42
705.81          65.63           -4.19
708.71          65.76           -7.52
711.63          66.01           -11.22
714.56          66.24           -14.83
717.50          66.51           -18.74
720.45          66.81           -23.22
723.41          67.07           -28.00
726.39          67.39           -33.32
729.37          67.79           -38.56
732.37          68.08           -44.74
735.39          68.34           -51.23
738.41          68.67           -58.28
741.45          68.92           -64.72
744.50          69.14           -71.77
747.56          69.38           -79.25
750.64          69.53           -86.50
753.72          69.65           -93.72
756.82          69.78           -100.93
759.94          69.95           -108.42
763.06          70.10           -115.58
766.20          70.22           -123.17
769.35          70.36           -130.97
772.52          70.51           -138.63
775.69          70.57           -146.44
778.89          70.69           -153.86
782.09          70.84           -161.72
785.31          70.91           -169.31
788.54          71.00           -177.04
791.78          71.11           175.16
795.04          71.18           167.23
798.31          71.27           159.14
801.59          71.39           150.82
804.89          71.46           142.43
808.20          71.51           134.21
811.52          71.55           125.81
814.86          71.60           117.54
818.21          71.60           109.50
821.58          71.59           101.31
824.96          71.59           93.13
828.35          71.54           85.00
831.76          71.49           77.17
835.18          71.46           69.25
838.62          71.43           61.23
842.06          71.40           53.39
845.53          71.37           45.69
849.01          71.34           37.85
852.50          71.28           30.45
856.01          71.23           22.94
859.53          71.21           15.45
863.06          71.20           7.89
866.61          71.22           0.02
870.18          71.25           -7.91
873.76          71.25           -15.95
877.35          71.29           -24.14
880.96          71.33           -32.47
884.58          71.32           -40.96
888.22          71.32           -49.41
891.87          71.30           -57.78
895.54          71.27           -66.32
899.23          71.23           -74.96
902.93          71.19           -83.55
906.64          71.15           -92.30
910.37          71.08           -101.10
914.11          70.99           -109.86
917.87          70.90           -118.63
921.65          70.79           -127.30
925.44          70.65           -135.78
929.25          70.52           -144.24
933.07          70.38           -152.55
936.91          70.23           -160.68
940.76          70.09           -169.22
944.63          69.95           -177.64
948.52          69.81           173.88
952.42          69.68           165.58
956.33          69.56           157.56
960.27          69.45           149.54
964.22          69.33           141.41
968.18          69.29           133.26
972.17          69.25           124.88
976.17          69.17           116.56
980.18          69.11           108.28
984.21          69.04           100.08
988.26          69.09           91.86
992.33          69.07           83.83
996.41          69.08           75.67
1000.51         69.11           67.71
1004.62         69.15           59.66
1008.75         69.20           51.60
1012.90         69.28           43.64
1017.07         69.35           34.91
1021.25         69.44           26.40
1025.45         69.56           17.72
1029.67         69.63           9.03
1033.91         69.74           0.44
1038.16         69.89           -8.20
1042.43         69.96           -17.23
1046.72         70.09           -26.42
1051.02         70.15           -35.80
1055.35         70.26           -45.48
1059.69         70.34           -55.28
1064.05         70.42           -65.10
1068.42         70.51           -74.91
1072.82         70.60           -84.92
1077.23         70.64           -95.22
1081.66         70.70           -105.10
1086.11         70.76           -115.11
1090.58         70.80           -125.29
1095.06         70.87           -135.66
1099.57         70.89           -146.14
1104.09         70.90           -156.53
1108.63         70.97           -166.85
1113.19         70.98           -177.68
1117.77         70.97           171.55
1122.37         70.93           160.73
1126.99         70.90           149.77
1131.62         70.84           138.85
1136.28         70.75           127.59
1140.95         70.64           116.61
1145.64         70.52           105.82
1150.36         70.39           95.00
1155.09         70.22           83.99
1159.84         70.07           73.08
1164.61         69.90           62.63
1169.40         69.73           52.08
1174.21         69.50           41.64
1179.04         69.24           31.25
1183.89         69.01           21.09
1188.76         68.79           11.14
1193.65         68.59           1.03
1198.56         68.42           -8.56
1203.49         68.25           -18.13
1208.44         68.12           -27.44
1213.41         68.01           -36.98
1218.40         67.88           -46.53
1223.41         67.76           -56.20
1228.45         67.68           -65.78
1233.50         67.56           -75.62
1238.57         67.48           -85.42
1243.67         67.36           -95.37
1248.78         67.31           -105.09
1253.92         67.28           -115.14
1259.08         67.26           -124.84
1264.26         67.28           -134.85
1269.46         67.35           -144.80
1274.68         67.35           -155.01
1279.92         67.37           -164.96
1285.19         67.47           -175.36
1290.47         67.59           174.48
1295.78         67.78           163.77
1301.11         67.96           152.76
1306.46         68.18           141.90
1311.84         68.41           131.17
1317.23         68.60           119.90
1322.65         68.74           108.50
1328.09         68.90           96.62
1333.55         69.06           85.20
1339.04         69.23           73.65
1344.55         69.38           62.27
1350.08         69.54           50.51
1355.63         69.69           38.59
1361.21         69.84           26.11
1366.81         70.00           13.95
1372.43         70.17           1.37
1378.07         70.33           -11.13
1383.74         70.46           -23.70
1389.43         70.58           -36.56
1395.15         70.67           -49.70
1400.89         70.75           -62.92
1406.65         70.81           -75.87
1412.44         70.85           -88.78
1418.25         70.92           -101.80
1424.08         70.94           -115.08
1429.94         70.98           -128.38
1435.82         71.01           -141.69
1441.73         71.05           -155.27
1447.66         71.10           -168.61
1453.61         71.10           177.76
1459.59         71.10           164.04
1465.59         71.10           150.40
1471.62         71.08           137.02
1477.68         71.03           123.21
1483.75         70.98           109.59
1489.86         70.95           96.03
1495.98         70.92           82.38
1502.14         70.94           68.77
1508.32         70.91           54.95
1514.52         70.93           41.05
1520.75         70.92           26.92
1527.01         70.89           12.77
1533.29         70.86           -1.49
1539.59         70.80           -16.03
1545.93         70.69           -30.12
1552.29         70.58           -44.41
1558.67         70.44           -59.04
1565.08         70.27           -73.37
1571.52         70.10           -87.41
1577.98         69.92           -101.37
1584.47         69.75           -115.17
1590.99         69.60           -128.88
1597.54         69.46           -142.81
1604.11         69.33           -156.96
1610.71         69.15           -171.08
1617.33         68.96           174.63
1623.98         68.79           160.49
1630.66         68.55           146.14
1637.37         68.38           132.39
1644.11         68.21           118.24
1650.87         68.01           104.69
1657.66         67.79           91.17
1664.48         67.68           77.63
1671.32         67.62           64.12
1678.20         67.62           50.42
1685.10         67.65           36.47
1692.03         67.67           22.45
1698.99         67.59           8.16
1705.98         67.49           -5.93
1713.00         67.41           -20.25
1720.05         67.36           -34.50
1727.12         67.27           -48.89
1734.22         67.31           -62.76
1741.36         67.25           -76.76
1748.52         67.31           -91.07
1755.71         67.34           -106.03
1762.93         67.42           -120.67
1770.19         67.50           -135.63
1777.47         67.55           -150.98
1784.78         67.60           -166.52
1792.12         67.54           178.18
1799.49         67.57           162.52
1806.89         67.57           147.01
1814.33         67.61           131.68
1821.79         67.62           116.18
1829.28         67.63           100.54
1836.81         67.65           84.94
1844.36         67.61           69.38
1851.95         67.64           53.21
1859.57         67.64           36.97
1867.22         67.63           21.12
1874.90         67.56           5.04
1882.61         67.46           -10.96
1890.35         67.35           -26.67
1898.13         67.23           -42.00
1905.93         67.20           -57.28
1913.77         67.11           -72.68
1921.65         67.10           -88.23
1929.55         67.11           -103.96
1937.49         67.15           -119.63
1945.46         67.24           -135.43
1953.46         67.30           -151.25
1961.49         67.44           -167.61
1969.56         67.55           176.01
1977.66         67.66           159.83
1985.80         67.78           143.14
1993.97         67.95           126.33
2002.17         68.10           109.30
2010.40         68.28           92.38
2018.67         68.44           75.07
2026.98         68.56           57.13
2035.32         68.69           39.27
2043.69         68.79           21.45
2052.09         68.91           3.40
2060.53         68.99           -14.91
2069.01         69.01           -33.14
2077.52         69.07           -51.57
2086.07         69.07           -69.96
2094.65         69.06           -88.32
2103.26         69.07           -106.93
2111.91         69.07           -125.40
2120.60         69.03           -143.76
2129.32         69.04           -162.19
2138.08         68.99           179.06
2146.88         68.96           160.21
2155.71         68.93           141.53
2164.57         68.89           123.00
2173.48         68.85           104.20
2182.42         68.83           85.56
2191.40         68.76           67.34
2200.41         68.77           48.93
2209.46         68.80           30.50
2218.55         68.86           12.07
2227.67         68.90           -6.51
2236.84         68.90           -25.13
2246.04         68.97           -43.90
2255.28         69.04           -62.85
2264.55         69.14           -82.19
2273.87         69.31           -101.76
2283.22         69.42           -121.38
2292.61         69.52           -141.23
2302.04         69.61           -161.27
2311.51         69.65           178.56
2321.02         69.65           158.37
2330.57         69.68           137.95
2340.15         69.68           117.83
2349.78         69.61           97.81
2359.44         69.57           77.80
2369.15         69.59           57.74
2378.89         69.61           37.62
2388.68         69.62           17.37
2398.51         69.67           -3.09
2408.37         69.63           -23.22
2418.28         69.57           -43.32
2428.22         69.55           -63.54
2438.21         69.53           -83.80
2448.24         69.52           -104.06
2458.31         69.57           -124.45
2468.42         69.57           -145.05
2478.58         69.63           -166.08
2488.77         69.74           172.60
2499.01         69.88           151.28
2509.29         69.95           129.68
2519.61         70.00           108.14
2529.97         70.05           86.35
2540.38         70.06           64.79
2550.83         70.02           43.16
2561.32         70.06           21.26
2571.86         70.09           -0.86
2582.44         70.12           -23.02
2593.06         70.14           -45.47
2603.73         70.21           -67.92
2614.44         70.23           -90.60
2625.19         70.29           -113.40
2635.99         70.28           -135.94
2646.83         70.23           -158.42
2657.72         70.19           178.91
2668.65         70.19           156.41
2679.63         70.21           133.59
2690.65         70.22           110.95
2701.72         70.26           88.15
2712.83         70.33           65.16
2723.99         70.39           42.07
2735.19         70.42           18.86
2746.44         70.48           -4.62
2757.74         70.51           -28.13
2769.08         70.51           -51.75
2780.47         70.53           -75.13
2791.91         70.59           -98.62
2803.39         70.64           -122.34
2814.93         70.70           -146.33
2826.50         70.77           -170.41
2838.13         70.79           165.24
2849.80         70.80           140.71
2861.53         70.86           116.15
2873.30         70.88           91.13
2885.12         70.89           66.05
2896.98         70.85           40.85
2908.90         70.82           15.53
2920.87         70.77           -9.40
2932.88         70.73           -34.31
2944.94         70.68           -59.44
2957.06         70.64           -84.67
2969.22         70.59           -110.01
2981.43         70.56           -135.52
2993.70         70.53           -160.88
3006.01         70.47           173.43
3018.38         70.42           147.81
3030.79         70.38           122.07
3043.26         70.29           96.26
3055.78         70.21           70.56
3068.35         70.13           44.68
3080.97         70.08           18.66
3093.64         70.02           -7.08
3106.36         69.95           -33.02
3119.14         69.89           -59.02
3131.97         69.83           -84.78
3144.86         69.78           -110.90
3157.79         69.71           -136.97
3170.78         69.66           -162.98
3183.82         69.64           170.55
3196.92         69.62           144.02
3210.07         69.64           117.28
3223.27         69.63           90.37
3236.53         69.61           63.40
3249.84         69.60           36.33
3263.21         69.57           9.42
3276.63         69.57           -17.37
3290.11         69.60           -44.48
3303.64         69.62           -72.10
3317.23         69.61           -99.78
3330.88         69.60           -128.04
3344.58         69.57           -155.72
3358.34         69.55           176.52
3372.15         69.52           148.87
3386.02         69.52           121.11
3399.95         69.61           93.12
3413.93         69.68           64.94
3427.98         69.72           36.79
3442.08         69.77           8.23
3456.24         69.87           -20.48
3470.45         69.96           -49.35
3484.73         70.05           -78.55
3499.06         70.15           -107.77
3513.45         70.21           -136.90
3527.91         70.32           -166.28
3542.42         70.45           164.32
3556.99         70.61           134.30
3571.62         70.71           103.82
3586.31         70.81           72.88
3601.06         70.86           41.86
3615.87         70.86           10.77
3630.75         70.86           -20.38
3645.68         70.86           -51.61
3660.68         70.82           -82.74
3675.74         70.77           -113.73
3690.85         70.71           -144.67
3706.04         70.67           -175.45
3721.28         70.63           153.68
3736.59         70.66           122.50
3751.96         70.67           91.32
3767.39         70.69           59.85
3782.89         70.66           28.22
3798.45         70.71           -3.14
3814.07         70.80           -34.75
3829.76         70.89           -66.67
3845.51         70.94           -98.33
3861.33         70.97           -130.23
3877.21         71.05           -162.21
3893.16         71.19           165.75
3909.18         71.32           132.94
3925.26         71.48           99.94
3941.40         71.63           66.45
3957.61         71.77           32.45
3973.89         71.84           -1.51
3990.24         71.92           -35.61
4006.65         71.95           -69.70
4023.13         71.98           -103.61
4039.68         71.99           -137.90
4056.30         72.02           -172.39
4072.98         72.02           153.25
4089.73         72.05           118.40
4106.56         72.08           83.68
4123.45         72.14           49.00
4140.41         72.21           13.76
4157.44         72.27           -21.39
4174.54         72.31           -57.00
4191.71         72.30           -92.54
4208.95         72.28           -128.13
4226.27         72.29           -164.05
4243.65         72.27           159.96
4261.11         72.26           123.77
4278.63         72.27           87.50
4296.23         72.26           50.98
4313.91         72.18           14.63
4331.65         72.15           -22.05
4349.47         72.13           -58.57
4367.36         72.10           -95.74
4385.32         72.10           -133.13
4403.36         72.02           -170.33
4421.47         71.92           152.31
4439.66         71.87           114.75
4457.92         71.84           77.07
4476.26         71.80           39.50
4494.67         71.74           1.72
4513.16         71.73           -36.14
4531.72         71.73           -74.29
4550.36         71.71           -113.10
4569.08         71.66           -151.71
4587.87         71.66           169.43
4606.75         71.60           130.77
4625.70         71.59           91.70
4644.72         71.59           52.58
4663.83         71.51           13.03
4683.01         71.46           -26.85
4702.27         71.39           -66.62
4721.62         71.32           -106.29
4741.04         71.24           -146.34
4760.54         71.14           173.40
4780.12         71.05           133.14
4799.78         70.95           92.70
4819.52         70.81           52.40
4839.35         70.72           12.23
4859.25         70.69           -28.28
4879.24         70.62           -69.09
4899.31         70.58           -110.21
4919.46         70.54           -151.83
4939.70         70.44           166.50
4960.02         70.37           124.81
4980.42         70.27           83.10
5000.91         70.18           41.18
5021.48         70.05           -0.72
5042.13         69.92           -42.58
5062.87         69.85           -84.87
5083.70         69.80           -126.70
5104.61         69.76           -168.87
5125.60         69.78           148.61
5146.69         69.78           105.72
5167.86         69.73           62.31
5189.11         69.71           18.64
5210.46         69.67           -25.17
5231.89         69.57           -68.82
5253.41         69.48           -112.65
5275.02         69.35           -156.20
5296.72         69.29           160.04
5318.50         69.27           115.95
5340.38         69.26           71.70
5362.35         69.27           27.01
5384.41         69.32           -17.78
5406.55         69.34           -63.42
5428.79         69.34           -109.61
5451.12         69.28           -155.86
5473.54         69.20           157.85
5496.06         69.14           111.83
5518.67         69.00           65.93
5541.37         68.93           19.82
5564.16         68.84           -26.75
5587.05         68.79           -73.62
5610.03         68.77           -121.13
5633.10         68.73           -168.49
5656.28         68.68           143.56
5679.54         68.59           95.27
5702.90         68.48           47.10
5726.36         68.27           -0.82
5749.92         68.09           -48.68
5773.57         67.94           -96.64
5797.32         67.84           -144.80
5821.16         67.76           166.94
5845.11         67.63           118.11
5869.15         67.58           69.21
5893.29         67.49           19.58
5917.53         67.38           -29.77
5941.87         67.25           -79.15
5966.31         67.19           -128.44
5990.86         67.09           -178.66
6015.50         66.94           131.53
6040.24         66.82           81.43
6065.09         66.73           31.43
6090.03         66.66           -19.44
6115.08         66.54           -70.52
6140.24         66.45           -121.77
6165.49         66.43           -172.85
6190.86         66.26           135.57
6216.32         66.23           84.01
6241.89         66.16           31.72
6267.56         66.13           -19.78
6293.34         66.18           -71.87
6319.23         66.25           -124.69
6345.22         66.12           -177.95
6371.32         66.06           129.26
6397.53         66.01           76.07
6423.85         65.99           22.47
6450.27         66.01           -32.25
6476.80         66.05           -86.93
6503.44         66.09           -142.14
6530.19         66.06           162.34
6557.05         65.87           106.18
6584.03         65.76           50.36
6611.11         65.63           -5.82
6638.30         65.55           -62.37
6665.61         65.41           -119.96
6693.02         65.17           -177.42
6720.56         64.91           126.08
6748.20         64.76           68.78
6775.96         64.62           10.96
6803.83         64.62           -46.98
6831.81         64.55           -105.18
6859.92         64.26           -163.88
6888.13         64.04           138.61
6916.47         63.84           80.41
6944.92         63.72           20.89
6973.48         63.68           -39.10
7002.17         63.57           -100.61
7030.97         63.37           -162.33
7059.89         63.04           135.90
7088.93         62.73           73.48
7118.09         62.42           24.28
7147.37         62.20           9.09
7176.77         61.97           -6.16
7206.29         61.74           -21.79
7235.93         61.19           -37.92
7265.69         60.67           -54.92
7295.58         60.39           -67.52
7325.59         59.92           -59.83
7355.72         59.27           -68.47
7385.98         58.51           -62.97
7416.36         57.81           -38.72
7446.86         57.21           -15.31
7477.49         56.65           8.30
7508.25         56.51           31.75
7539.13         56.51           55.03
7570.15         56.69           64.31
7601.28         56.85           37.47
7632.55         57.07           10.91
7663.94         57.16           -16.30
7695.47         57.37           -43.28
7727.12         57.89           -69.46
7758.91         58.42           -100.94
7790.82         58.97           -155.04
7822.87         59.26           166.90
7855.05         59.48           114.81
7887.36         59.74           44.41
7919.80         59.95           -24.62
7952.38         60.17           -94.17
7985.09         60.36           -164.27
8017.93         60.46           127.26
8050.91         60.71           57.74
8084.03         60.93           -11.37
8117.28         61.17           -81.04
8150.67         61.25           -151.09
8184.20         61.39           138.48
8217.86         61.40           67.07
8251.66         61.42           -3.55
8285.60         61.38           -73.66
8319.68         61.46           -144.97
8353.91         61.56           145.15
8388.27         61.66           74.54
8422.77         61.87           3.69
8457.42         62.00           -68.40
8492.21         62.07           -139.98
8527.14         62.18           146.46
8562.21         62.34           73.29
8597.43         62.40           -0.04
8632.79         62.56           -73.70
8668.30         62.72           -147.61
8703.96         62.78           137.45
8739.76         63.07           63.28
8775.71         63.20           -11.50
8811.81         63.44           -86.96
8848.05         63.59           -161.68
8884.45         63.80           121.89
8920.99         64.00           44.72
8957.69         64.04           -32.87
8994.54         64.16           -109.75
9031.53         64.34           172.90
9068.68         64.67           94.88
9105.98         64.89           15.83
9143.44         65.06           -63.62
9181.05         65.19           -143.60
9218.82         65.44           136.74
9256.74         65.73           57.04
9294.81         65.90           -23.91
9333.04         66.13           -104.97
9371.43         66.34           173.31
9409.98         66.69           91.47
9448.69         66.88           9.24
9487.55         67.05           -73.24
9526.58         67.28           -156.64
9565.76         67.57           119.58
9605.11         67.79           34.98
9644.62         67.88           -49.19
9684.29         68.01           -133.20
9724.13         68.29           142.57
9764.12         68.57           57.98
9804.29         68.70           -27.28
9844.61         68.83           -112.95
9885.11         69.06           161.63
9925.77         69.29           75.73
9966.60         69.49           -10.29
10007.59        69.74           -96.70
10048.76        69.99           176.79
10090.09        70.26           89.79
10131.59        70.48           2.43
10173.27        70.62           -85.60
10215.12        70.81           -173.52
10257.13        71.04           97.90
10299.32        71.21           9.46
10341.69        71.37           -79.38
10384.23        71.55           -168.50
10426.94        71.75           102.10
10469.83        71.97           12.46
10512.90        72.13           -78.23
10556.14        72.30           -168.96
10599.56        72.43           100.07
10643.16        72.51           8.84
10686.94        72.60           -82.98
10730.90        72.67           -174.84
10775.04        72.80           93.56
10819.36        72.95           1.44
10863.86        73.08           -91.43
10908.55        73.20           175.55
10953.42        73.31           82.02
10998.47        73.37           -11.95
11043.71        73.43           -105.86
11089.14        73.53           159.92
11134.75        73.61           65.18
11180.55        73.68           -29.69
11226.54        73.74           -125.18
11272.72        73.83           139.28
11319.09        73.91           43.21
11365.65        73.99           -52.88
11412.40        74.10           -149.64
11459.34        74.14           112.81
11506.48        74.17           14.82
11553.81        74.19           -83.37
11601.33        74.18           178.27
11649.05        74.20           79.40
11696.97        74.22           -19.97
11745.08        74.26           -119.99
11793.39        74.18           139.43
11841.90        74.09           38.80
11890.61        74.01           -62.15
11939.52        73.88           -163.05
11988.63        73.73           95.45
12037.95        73.56           -6.52
12087.46        73.39           -108.79
12137.18        73.16           148.78
12187.11        72.95           46.32
12237.24        72.73           -56.45
12287.57        72.48           -159.01
12338.12        72.24           97.54
12388.87        71.96           -6.05
12439.83        71.69           -109.57
12490.99        71.30           146.88
12542.37        71.04           43.16
12593.96        70.85           -60.80
12645.77        70.66           -165.00
12697.78        70.54           89.72
12750.01        70.43           -16.35
12802.46        70.35           -122.17
12855.12        70.18           131.81
12908.00        70.08           25.13
12961.09        70.00           -82.09
13014.40        69.88           170.54
13067.94        69.79           61.99
13121.69        69.74           -46.38
13175.66        69.67           -154.88
13229.86        69.58           95.77
13284.28        69.56           -13.84
13338.92        69.59           -122.97
13393.79        69.61           127.05
13448.88        69.70           16.25
13504.20        69.80           -94.46
13559.75        69.92           154.29
13615.52        70.15           42.21
13671.53        70.46           -70.66
13727.76        70.76           175.96
13784.23        71.10           61.75
13840.93        71.42           -53.23
13897.86        71.69           -168.88
13955.03        71.91           74.53
14012.43        72.15           -42.86
14070.06        72.39           -160.69
14127.94        72.61           80.31
14186.05        72.76           -40.41
14244.40        72.82           -161.51
14303.00        72.84           77.12
14361.83        72.79           -44.64
14420.90        72.74           -166.78
14480.22        72.66           70.54
14539.78        72.53           -52.46
14599.59        72.36           -175.90
14659.64        72.12           60.83
14719.94        71.88           -62.59
14780.49        71.63           173.64
14841.29        71.40           49.77
14902.33        71.11           -74.80
14963.63        70.79           160.32
15025.18        70.48           35.42
15086.98        70.17           -89.60
15149.04        69.94           145.44
15211.35        69.71           20.09
15273.92        69.60           -105.92
15336.75        69.50           127.24
15399.83        69.35           0.24
15463.18        69.23           -127.47
15526.78        69.17           104.49
15590.65        69.08           -24.61
15654.78        69.05           -154.57
15719.17        69.05           75.52
15783.83        69.03           -55.52
15848.75        69.07           172.95
15913.95        69.07           41.38
15979.40        69.04           -91.23
16045.13        69.06           135.32
16111.13        69.05           0.74
16177.40        69.03           -134.46
16243.95        69.01           89.88
16310.76        68.94           -46.26
16377.85        68.90           177.13
16445.22        68.78           40.07
16512.87        68.68           -97.53
16580.79        68.64           124.56
16648.99        68.49           -14.42
16717.47        68.39           -153.52
16786.23        68.24           67.22
16855.28        68.15           -72.36
16924.61        68.16           147.00
16994.23        68.12           5.73
17064.13        68.13           -135.90
17134.32        68.10           81.88
17204.80        68.16           -60.75
17275.57        68.23           155.73
17346.63        68.28           11.63
17417.98        68.34           -133.60
17489.63        68.44           80.58
17561.57        68.55           -66.02
17633.80        68.62           146.63
17706.34        68.74           -0.78
17779.17        68.89           -149.38
17852.30        69.02           60.69
17925.73        69.10           -90.20
17999.47        69.10           118.58
18073.50        69.14           -33.52
18147.85        69.11           173.34
18222.49        69.13           19.66
18297.45        69.07           -134.39
18372.71        69.00           70.43
18448.29        68.91           -85.05
18524.17        68.82           118.98
18600.36        68.77           -37.74
18676.87        68.59           165.14
18753.70        68.45           7.00
18830.84        68.31           -151.79
18908.29        68.06           48.46
18986.07        67.84           -111.50
19064.17        67.65           88.19
19142.58        67.49           -73.64
19221.32        67.25           124.02
19300.38        67.07           -38.61
19379.77        66.84           157.95
19459.49        66.64           -6.35
19539.53        66.40           -170.70
19619.90        66.24           24.25
19700.61        66.04           -142.26
19781.64        65.78           50.68
19863.01        65.63           -116.97
19944.71        65.46           74.57
20026.75        65.20           -94.04
20109.13        65.06           95.45
20191.84        64.86           -70.57
20274.90        64.65           141.61
20358.29        64.49           -5.76
20442.04        64.30           -116.95
20526.12        64.10           139.70
20610.55        63.92           40.98
20695.33        63.72           -31.38
20780.45        63.60           -70.58
20865.93        63.34           -88.29
20951.76        63.14           -145.69
21037.94        62.92           134.15
21124.47        62.77           46.72
21211.37        62.59           -48.98
21298.62        62.62           -142.32
21386.22        62.40           147.76
21474.19        62.41           79.13
21562.52        62.30           -11.11
21651.22        62.24           -101.82
21740.28        62.28           125.54
21829.70        62.24           -54.33
21919.49        62.22           110.10
22009.65        62.12           -95.68
22100.19        62.11           32.61
22191.09        62.09           83.32
22282.37        62.00           143.80
22374.03        61.88           -168.69
22466.06        61.74           -110.92
22558.47        61.63           -21.17
22651.26        61.44           153.75
22744.43        61.42           -9.62
22837.98        61.26           -167.00
22931.92        61.14           86.60
23026.25        60.99           8.05
23120.96        60.78           -50.46
23216.07        60.66           -45.44
23311.56        60.52           -48.29
23407.45        60.48           -77.89
23503.73        60.34           -120.51
23600.41        60.37           -97.05
23697.49        60.27           -52.16
23794.96        60.30           43.63
23892.84        60.39           -152.82
23991.12        60.36           91.87
24089.80        60.32           -167.95
24188.89        60.24           -85.14
24288.39        60.24           -36.99
24388.29        60.37           -34.66
24488.61        60.30           -48.05
24589.34        60.29           -21.52
24690.48        60.35           37.98
24792.04        60.37           105.79
24894.02        60.41           -128.68
24996.42        60.44           57.03
25099.24        60.40           -132.29
25202.48        60.52           -13.21
25306.14        60.62           99.26
25410.23        60.51           173.43
25514.75        60.54           -135.82
25619.71        60.51           25.72
25725.09        60.56           127.41
25830.90        60.53           -68.90
25937.15        60.53           17.02
26043.84        60.60           40.20
26150.97        60.68           28.40
26258.53        60.65           64.09
26366.54        60.64           179.36
26475.00        60.67           -74.89
26583.90        60.66           -42.85
26693.24        60.71           7.66
26803.04        60.74           175.78
26913.29        60.69           -17.23
27023.99        60.72           160.66
27135.15        60.72           -101.21
27246.77        60.87           -40.74
27358.84        60.90           128.94
27471.38        60.95           -72.21
27584.38        60.93           -177.51
27697.84        60.99           69.05
27811.77        60.96           -79.36
27926.17        60.99           39.79
28041.04        61.00           75.63
28156.38        61.05           80.01
28272.19        61.11           101.45
28388.49        61.07           128.36
28505.26        61.11           135.34
28622.51        61.15           161.05
28740.24        61.24           -172.52
28858.46        61.32           -117.95
28977.16        61.34           -84.68
29096.36        61.38           -129.90
29216.04        61.41           135.62
29336.21        61.45           19.86
29456.88        61.46           21.82
29578.05        61.53           91.40
29699.71        61.55           159.64
29821.88        61.56           -37.79
29944.54        61.56           131.45
30067.71        61.53           -69.33
30191.39        61.61           77.58
30315.58        61.60           -156.25
30440.28        61.60           -12.30
30565.49        61.56           83.49
30691.21        61.56           158.29
30817.46        61.49           -108.32
30944.22        61.53           -40.27
31071.50        61.59           -19.45
31199.31        61.56           -58.52
31327.64        61.55           138.20
31456.50        61.63           -139.32
31585.89        61.61           -64.86
31715.81        61.70           -43.57
31846.27        61.68           -52.61
31977.26        61.74           -35.42
32108.80        61.73           -60.47
32240.87        61.70           -159.60
32373.49        61.75           60.55
32506.65        61.81           -143.09
32640.36        61.76           79.96
32774.62        61.77           -65.53
32909.43        61.77           -148.27
33044.80        61.74           -103.04
33180.72        61.81           52.93
33317.21        61.87           35.96
33454.25        61.84           167.07
33591.86        61.90           -24.55
33730.04        61.87           -123.82
33868.78        61.94           -67.04
34008.09        61.93           63.25
34147.98        61.89           -144.33
34288.44        61.92           -5.96
34429.48        62.02           99.76
34571.10        62.09           -121.44
34713.30        62.21           -26.79
34856.09        62.27           55.38
34999.46        62.37           124.70
35143.43        62.37           162.63
35287.98        62.39           162.88
35433.13        62.39           2.62
35578.88        62.36           77.08
35725.23        62.40           -163.96
35872.18        62.46           -94.23
36019.73        62.52           -81.27
36167.89        62.59           140.83
36316.66        62.63           -17.29
36466.04        62.68           -103.13
36616.04        62.63           157.93
36766.65        62.60           114.29
36917.89        62.64           -6.59
37069.74        62.63           156.61
37222.22        62.56           36.76
37375.33        62.62           -109.30
37529.07        62.70           164.80
37683.43        62.72           120.14
37838.44        62.78           -144.43
37994.08        62.82           -76.11
38150.36        62.83           -62.92
38307.29        62.85           -173.33
38464.86        62.86           22.79
38623.07        62.93           -35.04
38781.94        62.98           -66.04
38941.46        63.01           14.46
39101.64        63.10           -170.18
39262.48        63.06           68.40
39423.98        63.11           41.09
39586.14        63.15           -106.74
39748.98        63.22           39.40
39912.48        63.25           63.07
40076.65        63.34           10.93
40241.50        63.36           -119.07
40407.02        63.37           70.70
40573.23        63.42           -60.82
40740.12        63.44           -127.71
40907.70        63.49           -97.77
41075.96        63.54           -152.23
41244.92        63.59           44.25
41414.57        63.59           -105.35
41584.93        63.59           -27.14
41755.98        63.62           89.30
41927.73        63.75           139.41
42100.19        63.83           172.67
42273.36        63.89           -87.64
42447.25        63.87           121.50
42621.84        63.96           107.08
42797.16        64.16           41.61
42973.20        64.29           -65.26
43149.96        64.43           171.99
43327.45        64.53           58.07
43505.67        64.57           -31.72
43684.62        64.62           -108.33
43864.31        64.66           -81.14
44044.74        64.77           -146.65
44225.91        64.86           176.66
44407.82        64.99           59.20
44590.49        65.00           37.69
