Freq[Hz]        [dBSPL]         Phase[Deg]
10.00           103.04          150.61
10.04           102.96          150.63
10.08           102.89          150.51
10.12           102.83          150.25
10.17           102.77          149.84
10.21           102.72          149.30
10.25           102.68          148.62
10.29           102.65          147.80
10.33           102.53          146.86
10.38           102.43          145.53
10.42           102.36          143.79
10.46           102.32          141.67
10.50           102.30          139.15
10.55           102.30          136.25
10.59           102.32          132.98
10.64           102.37          129.34
10.68           102.43          125.35
10.72           102.51          121.02
10.77           102.60          116.36
10.81           102.71          111.40
10.86           102.82          106.13
10.90           102.95          100.58
10.95           103.09          94.76
10.99           103.24          88.69
11.04           103.39          82.38
11.08           103.54          75.84
11.13           103.69          69.10
11.17           103.85          62.16
11.22           104.00          55.06
11.26           104.15          47.79
11.31           104.29          40.39
11.36           104.43          32.87
11.40           104.56          25.25
11.45           104.68          17.55
11.50           104.78          9.78
11.55           104.87          1.97
11.59           104.95          -5.86
11.64           105.02          -13.70
11.69           105.06          -21.52
11.74           105.10          -29.32
11.78           105.11          -37.06
11.83           105.11          -44.74
11.88           105.10          -52.34
11.93           105.06          -59.84
11.98           105.01          -67.22
12.03           104.95          -74.47
12.08           104.87          -81.57
12.13           104.78          -88.51
12.18           104.67          -95.26
12.23           104.55          -101.82
12.28           104.43          -108.16
12.33           104.29          -114.27
12.38           104.14          -120.14
12.43           103.99          -125.74
12.48           103.84          -131.06
12.53           103.68          -136.07
12.58           103.52          -140.77
12.64           103.35          -145.12
12.69           103.19          -149.12
12.74           103.04          -152.74
12.79           102.89          -155.95
12.85           102.75          -158.75
12.90           102.61          -161.11
12.95           102.49          -163.01
13.00           102.38          -164.45
13.06           102.29          -165.42
13.11           102.20          -165.91
13.17           102.14          -165.92
13.22           102.08          -165.47
13.27           102.04          -164.54
13.33           102.01          -163.17
13.38           101.99          -161.37
13.44           101.98          -159.16
13.49           101.97          -156.56
13.55           101.97          -153.61
13.61           101.96          -150.34
13.66           101.94          -146.80
13.72           101.92          -143.02
13.77           101.88          -139.06
13.83           101.82          -134.96
13.89           101.75          -130.76
13.94           101.65          -126.51
14.00           101.52          -122.27
14.06           101.37          -118.08
14.12           101.18          -113.99
14.18           100.95          -110.06
14.23           100.69          -106.35
14.29           100.39          -102.90
14.35           100.05          -99.77
14.41           99.66           -97.00
14.47           99.23           -94.63
14.53           98.75           -92.70
14.59           98.21           -91.22
14.65           97.63           -90.24
14.71           96.98           -89.74
14.77           96.28           -89.76
14.83           95.52           -90.28
14.89           94.70           -91.31
14.95           93.81           -92.83
15.01           92.85           -94.82
15.08           91.83           -97.26
15.14           90.74           -100.11
15.20           89.60           -103.34
15.26           88.42           -106.90
15.33           87.19           -110.74
15.39           85.94           -114.83
15.45           84.67           -119.12
15.52           83.40           -123.55
15.58           82.14           -128.09
15.64           80.90           -132.69
15.71           79.72           -137.29
15.77           78.60           -141.84
15.84           77.58           -146.30
15.90           76.70           -150.62
15.97           75.98           -154.76
16.03           75.46           -158.68
16.10           75.17           -162.33
16.17           75.14           -165.69
16.23           75.37           -168.72
16.30           75.84           -171.39
16.37           76.53           -173.66
16.43           77.41           -175.51
16.50           78.42           -176.92
16.57           79.55           -177.86
16.64           80.76           -178.32
16.70           82.02           -178.28
16.77           83.31           -177.72
16.84           84.60           -176.63
16.91           85.88           -174.99
16.98           87.12           -172.78
17.05           88.32           -169.99
17.12           89.46           -166.61
17.19           90.52           -162.61
17.26           91.50           -157.99
17.33           92.40           -152.75
17.40           93.22           -146.90
17.48           93.97           -140.46
17.55           94.63           -133.44
17.62           95.23           -125.88
17.69           95.75           -117.81
17.77           96.22           -109.28
17.84           96.61           -100.35
17.91           96.95           -91.08
17.99           97.23           -81.53
18.06           97.45           -71.80
18.13           97.61           -61.96
18.21           97.72           -52.12
18.28           97.78           -42.39
18.36           97.79           -32.86
18.43           97.75           -23.65
18.51           97.66           -14.87
18.59           97.53           -6.63
18.66           97.36           0.98
18.74           97.15           7.85
18.82           96.90           13.94
18.89           96.63           19.18
18.97           96.32           23.54
19.05           95.99           27.00
19.13           95.64           29.55
19.21           95.27           31.21
19.29           94.89           32.01
19.37           94.50           31.99
19.44           94.10           31.24
19.52           93.69           29.83
19.61           93.28           27.87
19.69           92.86           25.49
19.77           92.44           22.84
19.85           92.01           20.05
19.93           91.57           17.29
20.01           91.13           14.70
20.09           90.68           12.44
20.18           90.22           10.63
20.26           89.75           9.38
20.34           89.27           8.81
20.43           88.78           8.99
20.51           88.28           10.00
20.59           87.77           11.89
20.68           87.25           14.71
20.76           86.72           18.49
20.85           86.18           23.22
20.94           85.63           28.91
21.02           85.07           35.53
21.11           84.51           43.03
21.20           83.94           51.35
21.28           83.37           60.42
21.37           82.80           70.15
21.46           82.23           80.46
21.55           81.67           91.26
21.63           81.11           102.47
21.72           80.56           113.98
21.81           80.02           125.69
21.90           79.49           137.51
21.99           78.98           149.33
22.08           78.49           161.03
22.17           78.01           172.51
22.27           77.56           -176.36
22.36           77.12           -165.70
22.45           76.71           -155.64
22.54           76.31           -146.30
22.63           75.94           -137.83
22.73           75.58           -130.37
22.82           75.25           -124.06
22.91           74.93           -119.03
23.01           74.62           -115.40
23.10           74.33           -113.24
23.20           74.04           -112.62
23.29           73.76           -113.56
23.39           73.48           -116.06
23.49           73.21           -120.10
23.58           72.92           -125.62
23.68           72.63           -132.54
23.78           72.33           -140.73
23.87           72.01           -150.05
23.97           71.67           -160.31
24.07           71.31           -171.30
24.17           70.91           177.23
24.27           70.48           165.55
24.37           70.01           153.96
24.47           69.51           142.70
24.57           68.95           132.02
24.67           68.35           122.13
24.77           67.70           113.22
24.88           66.98           105.43
24.98           66.21           98.92
25.08           65.37           93.79
25.18           64.46           90.11
25.29           63.48           87.94
25.39           62.43           87.31
25.50           61.32           88.20
25.60           60.15           90.58
25.71           58.97           94.39
25.81           57.84           99.51
25.92           56.85           105.84
26.02           56.15           113.26
26.13           55.89           121.63
26.24           56.22           130.84
26.35           57.16           140.74
26.45           58.60           151.19
26.56           60.38           162.05
26.67           62.33           173.16
26.78           64.32           -175.64
26.89           66.28           -164.51
27.00           68.11           -153.62
27.11           69.78           -143.15
27.23           71.25           -133.27
27.34           72.51           -124.14
27.45           73.58           -115.90
27.56           74.45           -108.69
27.68           75.16           -102.61
27.79           75.72           -97.77
27.90           76.14           -94.24
28.02           76.45           -92.09
28.14           76.67           -91.36
28.25           76.80           -92.09
28.37           76.86           -94.28
28.48           76.85           -97.93
28.60           76.76           -103.00
28.72           76.59           -109.43
28.84           76.31           -117.11
28.96           75.92           -125.93
29.07           75.40           -135.72
29.19           74.73           -146.33
29.31           73.92           -157.56
29.43           72.94           -169.20
29.56           71.81           178.96
29.68           70.51           167.20
29.80           69.06           155.77
29.92           67.47           144.98
30.04           65.74           135.12
30.17           63.91           126.48
30.29           62.02           119.29
30.42           60.14           113.74
30.54           58.37           109.99
30.67           56.85           108.14
30.79           55.78           108.22
30.92           55.28           110.22
31.05           55.39           114.07
31.18           55.98           119.63
31.30           56.83           126.72
31.43           57.78           135.09
31.56           58.71           144.49
31.69           59.58           154.64
31.82           60.35           165.30
31.95           61.01           176.23
32.08           61.57           -172.77
32.22           62.02           -161.82
32.35           62.39           -150.98
32.48           62.67           -140.28
32.62           62.87           -129.65
32.75           63.00           -118.96
32.88           63.05           -108.07
33.02           63.04           -96.80
33.16           62.95           -85.03
33.29           62.78           -72.64
33.43           62.52           -59.55
33.57           62.16           -45.77
33.70           61.72           -31.38
33.84           61.17           -16.55
33.98           60.53           -1.54
34.12           59.80           13.26
34.26           58.97           27.42
34.40           58.06           40.47
34.54           57.07           52.02
34.69           56.02           61.74
34.83           54.92           69.34
34.97           53.79           74.62
35.12           52.67           77.53
35.26           51.58           78.15
35.41           50.57           76.74
35.55           49.68           73.72
35.70           48.99           69.66
35.84           48.58           65.15
35.99           48.53           60.78
36.14           48.89           57.10
36.29           49.65           54.66
36.44           50.76           53.94
36.59           52.09           55.34
36.74           53.54           59.02
36.89           55.01           65.00
37.04           56.41           73.09
37.19           57.69           82.93
37.35           58.81           94.12
37.50           59.79           106.22
37.65           60.63           118.73
37.81           61.34           131.09
37.97           61.93           142.73
38.12           62.43           153.15
38.28           62.85           161.98
38.44           63.20           169.03
38.59           63.49           174.21
38.75           63.72           177.55
38.91           63.90           179.13
39.07           64.02           179.13
39.23           64.09           177.81
39.39           64.10           175.51
39.56           64.06           172.60
39.72           63.98           169.42
39.88           63.88           166.21
40.05           63.77           163.17
40.21           63.68           160.43
40.38           63.63           158.08
40.54           63.63           156.15
40.71           63.71           154.63
40.88           63.86           153.45
41.04           64.08           152.48
41.21           64.37           151.64
41.38           64.72           150.84
41.55           65.10           150.00
41.72           65.49           149.10
41.90           65.90           148.09
42.07           66.30           146.97
42.24           66.69           145.72
42.42           67.06           144.38
42.59           67.40           142.97
42.76           67.72           141.52
42.94           68.00           140.05
43.12           68.25           138.57
43.29           68.47           137.09
43.47           68.64           135.63
43.65           68.78           134.18
43.83           68.89           132.73
44.01           68.95           131.27
44.19           68.98           129.79
44.37           68.97           128.28
44.56           68.93           126.72
44.74           68.86           125.11
44.92           68.76           123.43
45.11           68.63           121.67
45.29           68.49           119.82
45.48           68.33           117.87
45.67           68.16           115.81
45.86           67.99           113.63
46.04           67.83           111.33
46.23           67.68           108.94
46.42           67.57           106.46
46.61           67.48           103.92
46.81           67.44           101.38
47.00           67.44           98.87
47.19           67.48           96.46
47.39           67.56           94.19
47.58           67.67           92.09
47.78           67.81           90.21
47.97           67.98           88.55
48.17           68.17           87.13
48.37           68.38           85.94
48.57           68.60           84.98
48.77           68.84           84.21
48.97           69.09           83.63
49.17           69.35           83.18
49.37           69.61           82.82
49.58           69.87           82.49
49.78           70.11           82.14
49.98           70.34           81.68
50.19           70.53           81.04
50.40           70.70           80.17
50.60           70.85           79.06
50.81           70.96           77.68
51.02           71.06           76.08
51.23           71.14           74.30
51.44           71.20           72.41
51.65           71.25           70.49
51.86           71.28           68.58
52.08           71.30           66.73
52.29           71.31           64.96
52.51           71.30           63.28
52.72           71.28           61.67
52.94           71.24           60.10
53.16           71.20           58.57
53.38           71.15           57.06
53.60           71.10           55.57
53.82           71.07           54.10
54.04           71.04           52.65
54.26           71.02           51.21
54.48           71.02           49.77
54.71           71.03           48.30
54.93           71.06           46.77
55.16           71.10           45.16
55.39           71.17           43.46
55.61           71.27           41.67
55.84           71.42           39.81
56.07           71.62           37.90
56.30           71.87           35.97
56.53           72.16           34.01
56.77           72.48           32.00
57.00           72.79           29.91
57.23           73.07           27.67
57.47           73.32           25.25
57.71           73.52           22.63
57.94           73.69           19.84
58.18           73.83           16.94
58.42           73.94           14.03
58.66           74.04           11.26
58.90           74.13           8.71
59.15           74.20           6.46
59.39           74.26           4.52
59.63           74.31           2.89
59.88           74.33           1.51
60.12           74.32           0.32
60.37           74.29           -0.70
60.62           74.26           -1.57
60.87           74.22           -2.24
61.12           74.21           -2.73
61.37           74.22           -3.01
61.62           74.26           -3.11
61.88           74.32           -3.12
62.13           74.40           -3.13
62.39           74.49           -3.29
62.64           74.58           -3.69
62.90           74.66           -4.40
63.16           74.74           -5.44
63.42           74.82           -6.77
63.68           74.90           -8.35
63.94           75.00           -10.08
64.21           75.11           -11.91
64.47           75.25           -13.80
64.74           75.43           -15.73
65.00           75.63           -17.70
65.27           75.86           -19.70
65.54           76.09           -21.73
65.81           76.32           -23.78
66.08           76.53           -25.85
66.35           76.73           -27.93
66.62           76.92           -30.05
66.90           77.09           -32.21
67.17           77.27           -34.45
67.45           77.45           -36.79
67.73           77.63           -39.24
68.00           77.80           -41.81
68.28           77.97           -44.48
68.56           78.11           -47.26
68.85           78.23           -50.12
69.13           78.32           -53.08
69.41           78.39           -56.14
69.70           78.43           -59.28
69.99           78.47           -62.53
70.27           78.51           -65.88
70.56           78.54           -69.32
70.85           78.59           -72.85
71.14           78.63           -76.47
71.44           78.67           -80.18
71.73           78.71           -83.97
72.03           78.73           -87.81
72.32           78.73           -91.68
72.62           78.72           -95.55
72.92           78.68           -99.39
73.22           78.63           -103.16
73.52           78.56           -106.88
73.82           78.48           -110.57
74.13           78.37           -114.27
74.43           78.25           -118.04
74.74           78.10           -121.89
75.04           77.93           -125.79
75.35           77.72           -129.69
75.66           77.48           -133.47
75.97           77.20           -137.03
76.29           76.87           -140.33
76.60           76.50           -143.34
76.92           76.10           -146.13
77.23           75.66           -148.78
77.55           75.19           -151.37
77.87           74.71           -153.90
78.19           74.23           -156.37
78.51           73.75           -158.69
78.83           73.27           -160.79
79.16           72.80           -162.62
79.48           72.33           -164.15
79.81           71.85           -165.45
80.14           71.38           -166.58
80.47           70.92           -167.67
80.80           70.47           -168.81
81.13           70.03           -170.03
81.47           69.62           -171.36
81.80           69.23           -172.73
82.14           68.87           -174.07
82.47           68.52           -175.30
82.81           68.20           -176.38
83.15           67.89           -177.30
83.50           67.57           -178.08
83.84           67.24           -178.75
84.19           66.87           -179.33
84.53           66.48           -179.83
84.88           66.07           179.75
85.23           65.70           179.36
85.58           65.39           178.95
85.93           65.17           178.47
86.28           65.05           177.96
86.64           64.99           177.53
87.00           64.94           177.38
87.35           64.85           177.65
87.71           64.71           178.42
88.07           64.53           179.62
88.44           64.37           -178.93
88.80           64.31           -177.43
89.16           64.47           -176.04
89.53           64.91           -174.89
89.90           65.46           -174.07
90.27           65.92           -173.57
90.64           66.23           -173.32
91.01           66.43           -173.16
91.39           66.56           -172.92
91.76           66.64           -172.55
92.14           66.70           -172.14
92.52           66.76           -171.97
92.90           66.85           -172.36
93.28           66.94           -173.46
93.67           67.03           -175.23
94.05           67.10           -177.40
94.44           67.12           -179.67
94.83           67.05           178.12
95.22           66.85           175.99
95.61           66.54           173.80
96.00           66.23           171.36
96.40           65.99           168.58
96.79           65.82           165.45
97.19           65.72           162.01
97.59           65.67           158.37
97.99           65.65           154.71
98.40           65.64           151.29
98.80           65.63           148.36
99.21           65.62           145.93
99.62           65.60           143.79
100.03          65.58           141.51
100.44          65.54           138.75
100.85          65.47           135.49
101.26          65.37           132.00
101.68          65.26           128.69
102.10          65.16           125.80
102.52          65.09           123.22
102.94          65.03           120.63
103.36          64.98           117.77
103.79          64.90           114.58
104.22          64.78           111.23
104.65          64.64           107.82
105.08          64.49           104.34
105.51          64.37           100.68
105.94          64.27           96.85
106.38          64.18           92.96
106.82          64.09           89.11
107.25          64.02           85.25
107.70          64.00           81.19
108.14          64.05           76.76
108.58          64.16           72.00
109.03          64.28           67.15
109.48          64.39           62.54
109.93          64.45           58.34
110.38          64.46           54.41
110.84          64.47           50.33
111.29          64.50           45.67
111.75          64.60           40.25
112.21          64.77           34.25
112.67          64.95           28.12
113.13          65.12           22.22
113.60          65.25           16.66
114.07          65.36           11.27
114.54          65.47           5.77
115.01          65.60           0.00
115.48          65.74           -6.11
115.95          65.92           -12.52
116.43          66.11           -19.17
116.91          66.32           -25.94
117.39          66.55           -32.66
117.87          66.77           -39.24
118.36          66.99           -45.61
118.85          67.18           -51.77
119.33          67.35           -57.84
119.83          67.51           -64.01
120.32          67.67           -70.45
120.81          67.83           -77.11
121.31          68.00           -83.77
121.81          68.18           -90.13
122.31          68.34           -96.04
122.81          68.48           -101.44
123.32          68.61           -106.42
123.83          68.71           -111.09
124.34          68.81           -115.59
124.85          68.91           -120.12
125.36          69.01           -124.79
125.88          69.12           -129.65
126.39          69.22           -134.60
126.91          69.32           -139.56
127.44          69.42           -144.45
127.96          69.53           -149.24
128.49          69.64           -153.92
129.01          69.73           -158.47
129.55          69.81           -162.91
130.08          69.86           -167.27
130.61          69.89           -171.63
131.15          69.91           -176.05
131.69          69.93           179.43
132.23          69.94           174.85
132.78          69.94           170.35
133.32          69.93           166.07
133.87          69.90           162.02
134.42          69.85           158.06
134.97          69.76           154.08
135.53          69.65           150.09
136.09          69.51           146.13
136.65          69.36           142.26
137.21          69.20           138.50
137.77          69.04           134.84
138.34          68.89           131.25
138.91          68.74           127.68
139.48          68.59           124.10
140.05          68.41           120.53
140.63          68.20           116.98
141.21          67.97           113.49
141.79          67.76           110.15
142.37          67.55           107.03
142.96          67.34           104.20
143.55          67.13           101.62
144.14          66.92           99.21
144.73          66.73           96.84
145.32          66.55           94.48
145.92          66.37           92.10
146.52          66.18           89.73
147.13          65.97           87.43
147.73          65.74           85.28
148.34          65.50           83.30
148.95          65.27           81.51
149.56          65.05           79.95
150.18          64.82           78.62
150.79          64.56           77.37
151.41          64.29           76.01
152.04          64.06           74.49
152.66          63.86           72.74
153.29          63.65           70.79
153.92          63.42           68.89
154.55          63.17           67.29
155.19          62.93           65.94
155.83          62.66           64.56
156.47          62.35           63.15
157.11          62.04           61.97
157.76          61.80           61.18
158.41          61.65           60.60
159.06          61.57           59.92
159.71          61.51           58.91
160.37          61.46           57.63
161.03          61.42           56.38
161.69          61.40           55.43
162.36          61.40           54.86
163.03          61.40           54.51
163.70          61.37           54.13
164.37          61.31           53.58
165.05          61.26           52.91
165.72          61.23           52.21
166.41          61.23           51.45
167.09          61.28           50.54
167.78          61.37           49.51
168.47          61.41           48.65
169.16          61.37           48.11
169.86          61.33           47.68
170.56          61.32           47.14
171.26          61.29           46.42
171.96          61.20           45.63
172.67          61.21           45.10
173.38          61.38           44.40
174.09          61.45           41.68
174.81          61.36           36.36
175.53          61.25           31.26
176.25          61.28           28.81
176.97          61.46           28.23
177.70          61.56           27.83
178.43          61.56           26.85
179.17          61.60           25.11
179.90          61.70           22.91
180.64          61.81           20.67
181.39          61.94           18.57
182.13          62.08           16.63
182.88          62.14           14.86
183.63          62.06           12.94
184.39          61.93           11.13
185.15          62.03           11.19
185.91          62.30           13.66
186.67          62.53           15.88
187.44          62.58           15.57
188.21          62.48           13.33
188.99          62.38           10.58
189.76          62.35           8.35
190.55          62.38           6.89
191.33          62.45           5.37
192.12          62.49           3.42
192.91          62.43           1.58
193.70          62.33           -0.04
194.50          62.31           -1.79
195.30          62.35           -3.56
196.10          62.35           -4.97
196.91          62.29           -6.24
197.72          62.24           -7.81
198.53          62.18           -9.61
199.35          62.13           -11.38
200.17          62.10           -12.72
200.99          62.07           -13.71
201.82          61.98           -15.01
202.65          61.81           -16.69
203.48          61.58           -18.06
204.32          61.38           -19.07
205.16          61.21           -20.01
206.00          61.10           -20.61
206.85          61.04           -20.73
207.70          61.09           -20.67
208.55          61.20           -20.62
209.41          61.29           -20.35
210.27          61.37           -19.82
211.14          61.59           -19.59
212.01          61.93           -20.02
212.88          62.27           -20.89
213.75          62.58           -22.00
214.63          62.91           -23.35
215.52          63.25           -24.80
216.40          63.59           -26.25
217.29          63.91           -27.69
218.19          64.17           -29.45
219.08          64.38           -31.92
219.99          64.54           -34.92
220.89          64.65           -38.22
221.80          64.75           -41.84
222.71          64.82           -45.68
223.63          64.85           -49.62
224.55          64.90           -53.41
225.47          64.94           -56.56
226.40          64.91           -59.38
227.33          64.83           -62.35
228.26          64.74           -64.83
229.20          64.66           -66.90
230.15          64.53           -69.39
231.09          64.37           -71.96
232.04          64.23           -74.10
233.00          64.15           -76.04
233.96          64.10           -78.25
234.92          64.03           -80.68
235.88          63.94           -82.70
236.86          63.90           -84.46
237.83          63.91           -86.08
238.81          63.83           -87.41
239.79          63.74           -88.95
240.78          63.75           -90.80
241.77          63.82           -92.40
242.76          63.87           -94.15
243.76          63.90           -96.43
244.76          64.04           -98.65
245.77          64.18           -100.69
246.78          64.28           -103.06
247.80          64.36           -105.79
248.81          64.45           -108.27
249.84          64.56           -110.29
250.87          64.66           -112.65
251.90          64.74           -115.60
252.93          64.78           -118.74
253.97          64.81           -122.00
255.02          64.83           -125.14
256.07          64.81           -128.02
257.12          64.79           -131.14
258.18          64.80           -134.27
259.24          64.77           -137.22
260.31          64.68           -140.41
261.38          64.66           -143.53
262.45          64.63           -146.29
263.53          64.53           -148.93
264.62          64.41           -151.82
265.70          64.29           -154.76
266.80          64.15           -157.78
267.90          63.96           -160.79
269.00          63.75           -163.57
270.10          63.58           -166.01
271.21          63.38           -168.00
272.33          63.17           -170.06
273.45          63.00           -172.24
274.58          62.81           -174.23
275.70          62.56           -175.81
276.84          62.34           -177.00
277.98          62.13           -178.16
279.12          61.96           -178.85
280.27          61.88           -179.53
281.42          61.80           179.81
282.58          61.72           178.91
283.74          61.71           178.11
284.91          61.83           177.80
286.08          62.04           177.84
287.26          62.13           177.57
288.44          62.34           176.49
289.63          62.63           175.45
290.82          62.99           174.95
292.01          63.50           174.05
293.21          63.78           172.62
294.42          64.08           171.24
295.63          64.34           169.52
296.85          64.58           167.07
298.07          64.89           164.42
299.29          65.23           161.71
300.53          65.50           159.25
301.76          65.82           156.49
303.00          66.07           153.54
304.25          66.30           150.38
305.50          66.58           147.06
306.76          66.81           143.77
308.02          67.00           140.15
309.29          67.12           136.30
310.56          67.17           132.68
311.84          67.39           128.86
313.12          67.56           124.84
314.41          67.72           120.67
315.70          67.86           116.60
317.00          68.03           112.74
318.30          68.15           108.90
319.61          68.27           104.59
320.93          68.35           100.44
322.25          68.44           96.25
323.57          68.51           91.78
324.90          68.55           87.34
326.24          68.59           83.13
327.58          68.63           79.04
328.93          68.66           74.67
330.28          68.74           70.34
331.64          68.72           66.34
333.00          68.73           62.10
334.37          68.72           58.34
335.75          68.70           54.26
337.13          68.61           50.36
338.52          68.56           46.25
339.91          68.50           42.38
341.31          68.43           38.67
342.71          68.35           34.78
344.12          68.28           31.01
345.54          68.21           27.25
346.96          68.12           23.12
348.38          68.06           19.34
349.82          67.97           15.41
351.26          67.83           11.44
352.70          67.74           7.14
354.15          67.62           3.12
355.61          67.51           -1.08
357.07          67.44           -4.68
358.54          67.34           -8.38
360.02          67.19           -12.15
361.50          67.10           -15.84
362.98          67.04           -19.90
364.48          66.96           -23.88
365.98          66.85           -27.58
367.48          66.75           -31.22
368.99          66.63           -34.27
370.51          66.53           -38.17
372.03          66.40           -41.17
373.56          66.35           -44.85
375.10          66.25           -47.89
376.64          66.11           -50.20
378.19          65.98           -52.97
379.75          65.86           -56.37
381.31          65.76           -59.88
382.88          65.69           -63.06
384.45          65.56           -66.22
386.04          65.43           -69.28
387.62          65.29           -71.81
389.22          65.13           -74.52
390.82          65.05           -77.25
392.43          65.01           -80.51
394.04          64.86           -83.51
395.66          64.85           -86.53
397.29          64.71           -89.01
398.92          64.71           -92.06
400.56          64.65           -95.95
402.21          64.64           -99.16
403.87          64.63           -102.95
405.53          64.69           -105.66
407.20          64.85           -108.76
408.87          64.76           -111.93
410.55          64.75           -115.13
412.24          64.72           -118.86
413.94          64.71           -123.02
415.64          64.63           -127.23
417.35          64.52           -130.74
419.07          64.40           -134.12
420.79          64.26           -137.94
422.52          64.18           -141.98
424.26          64.05           -145.78
426.00          63.97           -149.11
427.76          63.84           -152.91
429.51          63.71           -156.21
431.28          63.48           -159.90
433.06          63.05           -163.09
434.84          62.98           -166.29
436.63          62.86           -169.27
438.42          62.85           -171.94
440.22          62.73           -174.08
442.04          62.71           -176.62
443.85          62.74           -179.25
445.68          62.77           177.88
447.51          62.86           174.81
449.35          62.87           172.48
451.20          62.96           170.30
453.06          62.99           167.93
454.92          63.11           165.17
456.79          63.21           162.24
458.67          63.33           158.86
460.56          63.47           155.58
462.45          63.65           152.10
464.35          63.78           148.45
466.26          63.89           144.68
468.18          64.06           140.19
470.11          64.15           136.47
472.04          64.29           131.70
473.98          64.35           127.17
475.93          64.51           122.56
477.89          64.62           117.76
479.86          64.70           112.57
481.83          64.80           107.53
483.81          64.85           102.75
485.80          64.87           98.17
487.80          64.87           93.30
489.81          64.88           88.37
491.82          64.83           83.61
493.85          64.78           78.96
495.88          64.71           73.78
497.92          64.66           69.00
499.96          64.59           64.34
502.02          64.49           60.41
504.09          64.50           56.71
506.16          64.40           53.01
508.24          64.39           49.14
510.33          64.26           45.29
512.43          64.18           41.45
514.54          64.09           38.28
516.66          64.07           34.60
518.78          64.07           31.26
520.91          64.08           28.70
523.06          64.10           24.86
525.21          64.23           21.51
527.37          64.32           18.67
529.54          64.42           15.84
531.72          64.57           12.69
533.90          64.69           8.94
536.10          64.95           5.56
538.30          65.15           2.14
540.52          65.29           -1.64
542.74          65.55           -5.28
544.97          65.80           -9.37
547.22          66.13           -13.65
549.47          66.46           -17.87
551.73          66.80           -22.41
554.00          67.06           -28.04
556.28          67.32           -32.74
558.56          67.52           -38.03
560.86          67.72           -43.84
563.17          67.91           -49.36
565.48          68.07           -55.29
567.81          68.20           -61.00
570.15          68.25           -67.28
572.49          68.33           -73.27
574.85          68.39           -79.41
577.21          68.43           -85.43
579.59          68.51           -91.39
581.97          68.53           -98.03
584.36          68.49           -103.91
586.77          68.40           -109.79
589.18          68.33           -115.78
591.60          68.22           -121.67
594.04          68.16           -127.59
596.48          68.08           -132.98
598.93          68.02           -138.46
601.40          67.95           -143.89
603.87          67.92           -149.47
606.36          67.88           -154.91
608.85          67.82           -160.46
611.35          67.81           -165.81
613.87          67.80           -171.36
616.39          67.72           -176.77
618.93          67.66           177.90
621.47          67.68           172.48
624.03          67.69           166.99
626.60          67.72           161.49
629.18          67.87           156.08
631.76          67.97           150.31
634.36          68.07           144.43
636.97          68.12           138.58
639.59          68.19           132.75
642.22          68.26           127.06
644.86          68.31           120.80
647.52          68.44           114.27
650.18          68.52           107.67
652.85          68.56           101.06
655.54          68.56           94.36
658.24          68.56           87.49
660.94          68.54           80.56
663.66          68.49           73.38
666.39          68.44           66.38
669.13          68.29           59.70
671.89          68.06           53.35
674.65          67.83           46.79
677.42          67.62           39.89
680.21          67.40           33.76
683.01          67.11           28.52
685.82          66.82           23.87
688.64          66.48           19.16
691.47          66.13           14.93
694.32          65.82           11.06
697.17          65.69           7.15
700.04          65.61           4.14
702.92          65.50           0.85
705.81          65.60           -2.46
708.71          65.68           -5.79
711.63          65.82           -9.52
714.56          66.14           -13.33
717.50          66.41           -17.24
720.45          66.80           -21.35
723.41          67.10           -26.12
726.39          67.49           -31.86
729.37          67.88           -37.75
732.37          68.21           -43.71
735.39          68.47           -50.09
738.41          68.76           -56.97
741.45          68.99           -63.81
744.50          69.13           -71.39
747.56          69.32           -78.86
750.64          69.43           -86.19
753.72          69.57           -93.68
756.82          69.69           -101.26
759.94          69.83           -108.88
763.06          69.99           -116.28
766.20          70.05           -123.47
769.35          70.17           -131.05
772.52          70.23           -138.43
775.69          70.32           -145.80
778.89          70.43           -153.30
782.09          70.55           -160.91
785.31          70.64           -168.46
788.54          70.74           -176.24
791.78          70.92           176.10
795.04          71.01           168.23
798.31          71.13           160.14
801.59          71.24           152.10
804.89          71.34           143.92
808.20          71.40           135.62
811.52          71.48           127.16
814.86          71.51           118.46
818.21          71.51           109.98
821.58          71.54           101.65
824.96          71.54           93.14
828.35          71.48           84.97
831.76          71.45           76.94
835.18          71.43           68.93
838.62          71.40           60.73
842.06          71.33           52.83
845.53          71.30           44.97
849.01          71.26           37.22
852.50          71.23           29.43
856.01          71.19           21.97
859.53          71.20           14.55
863.06          71.15           7.01
866.61          71.19           -0.55
870.18          71.23           -8.01
873.76          71.24           -15.95
877.35          71.26           -23.98
880.96          71.30           -32.17
884.58          71.32           -40.70
888.22          71.29           -49.29
891.87          71.29           -57.61
895.54          71.25           -66.22
899.23          71.22           -74.75
902.93          71.15           -83.36
906.64          71.08           -92.00
910.37          70.99           -100.86
914.11          70.89           -109.62
917.87          70.78           -118.57
921.65          70.66           -127.39
925.44          70.56           -136.01
929.25          70.41           -144.72
933.07          70.26           -153.50
936.91          70.13           -161.78
940.76          69.99           -170.06
944.63          69.88           -178.60
948.52          69.73           173.14
952.42          69.60           164.88
956.33          69.51           156.69
960.27          69.44           148.57
964.22          69.35           140.55
968.18          69.27           132.27
972.17          69.19           124.19
976.17          69.15           116.33
980.18          69.08           108.33
984.21          68.98           99.86
988.26          68.94           91.74
992.33          68.93           83.65
996.41          68.90           75.44
1000.51         68.93           67.53
1004.62         68.97           59.96
1008.75         69.01           51.88
1012.90         69.09           43.55
1017.07         69.17           35.41
1021.25         69.24           27.02
1025.45         69.32           18.46
1029.67         69.47           9.99
1033.91         69.60           1.24
1038.16         69.73           -7.53
1042.43         69.91           -16.71
1046.72         70.03           -25.71
1051.02         70.17           -34.91
1055.35         70.27           -44.14
1059.69         70.35           -53.91
1064.05         70.42           -63.84
1068.42         70.50           -74.01
1072.82         70.57           -84.10
1077.23         70.63           -94.01
1081.66         70.67           -104.29
1086.11         70.73           -114.38
1090.58         70.78           -124.68
1095.06         70.80           -135.00
1099.57         70.80           -145.57
1104.09         70.83           -156.27
1108.63         70.82           -166.70
1113.19         70.84           -177.48
1117.77         70.85           171.54
1122.37         70.82           160.56
1126.99         70.79           149.94
1131.62         70.73           138.99
1136.28         70.64           127.78
1140.95         70.55           116.97
1145.64         70.43           106.10
1150.36         70.32           95.08
1155.09         70.19           84.03
1159.84         70.02           73.33
1164.61         69.83           62.65
1169.40         69.70           52.09
1174.21         69.47           41.57
1179.04         69.24           31.37
1183.89         69.00           21.19
1188.76         68.77           11.29
1193.65         68.54           1.60
1198.56         68.34           -8.59
1203.49         68.15           -18.22
1208.44         68.01           -27.41
1213.41         67.88           -37.05
1218.40         67.76           -46.59
1223.41         67.64           -56.15
1228.45         67.52           -65.79
1233.50         67.44           -75.61
1238.57         67.42           -85.25
1243.67         67.30           -95.02
1248.78         67.23           -104.63
1253.92         67.19           -114.61
1259.08         67.19           -124.31
1264.26         67.20           -134.06
1269.46         67.33           -144.16
1274.68         67.43           -153.99
1279.92         67.51           -164.02
1285.19         67.59           -174.50
1290.47         67.73           175.23
1295.78         67.88           164.65
1301.11         68.05           153.89
1306.46         68.22           143.17
1311.84         68.40           132.29
1317.23         68.56           120.90
1322.65         68.77           109.59
1328.09         68.95           98.11
1333.55         69.11           86.51
1339.04         69.25           74.83
1344.55         69.39           63.23
1350.08         69.52           51.41
1355.63         69.66           39.51
1361.21         69.79           27.39
1366.81         69.95           15.27
1372.43         70.09           2.78
1378.07         70.23           -9.84
1383.74         70.36           -22.50
1389.43         70.48           -35.40
1395.15         70.62           -48.64
1400.89         70.72           -61.82
1406.65         70.75           -74.92
1412.44         70.79           -88.38
1418.25         70.83           -101.27
1424.08         70.85           -114.50
1429.94         70.87           -127.88
1435.82         70.92           -141.08
1441.73         70.95           -154.60
1447.66         71.01           -168.25
1453.61         71.03           178.01
1459.59         71.02           164.32
1465.59         71.01           150.93
1471.62         70.99           137.22
1477.68         70.98           123.63
1483.75         70.92           110.36
1489.86         70.88           96.98
1495.98         70.86           83.21
1502.14         70.83           69.79
1508.32         70.83           55.64
1514.52         70.86           41.71
1520.75         70.87           27.68
1527.01         70.85           13.12
1533.29         70.79           -1.04
1539.59         70.70           -15.58
1545.93         70.59           -29.71
1552.29         70.51           -44.17
1558.67         70.37           -59.11
1565.08         70.21           -73.48
1571.52         70.03           -88.11
1577.98         69.85           -102.38
1584.47         69.67           -116.34
1590.99         69.49           -129.83
1597.54         69.36           -143.98
1604.11         69.23           -157.91
1610.71         69.04           -172.11
1617.33         68.89           173.35
1623.98         68.73           159.36
1630.66         68.60           145.20
1637.37         68.46           131.51
1644.11         68.32           117.16
1650.87         68.14           103.31
1657.66         68.04           89.76
1664.48         67.93           76.64
1671.32         67.86           63.29
1678.20         67.87           49.68
1685.10         67.92           35.82
1692.03         67.92           21.55
1698.99         67.90           7.54
1705.98         67.86           -6.63
1713.00         67.76           -20.57
1720.05         67.66           -34.57
1727.12         67.52           -48.75
1734.22         67.51           -63.20
1741.36         67.48           -77.43
1748.52         67.49           -91.58
1755.71         67.48           -105.80
1762.93         67.52           -120.40
1770.19         67.60           -135.73
1777.47         67.64           -151.07
1784.78         67.65           -166.55
1792.12         67.58           177.97
1799.49         67.60           162.57
1806.89         67.61           147.20
1814.33         67.63           131.63
1821.79         67.68           115.89
1829.28         67.70           100.48
1836.81         67.74           84.99
1844.36         67.72           69.40
1851.95         67.73           53.51
1859.57         67.72           37.73
1867.22         67.72           21.54
1874.90         67.62           5.51
1882.61         67.52           -10.31
1890.35         67.40           -26.03
1898.13         67.28           -41.43
1905.93         67.24           -56.81
1913.77         67.16           -72.39
1921.65         67.12           -87.93
1929.55         67.18           -103.40
1937.49         67.22           -119.18
1945.46         67.29           -135.27
1953.46         67.37           -151.35
1961.49         67.44           -167.50
1969.56         67.54           175.90
1977.66         67.65           159.37
1985.80         67.82           142.96
1993.97         67.96           126.15
2002.17         68.10           109.14
2010.40         68.27           92.19
2018.67         68.43           74.60
2026.98         68.58           56.93
2035.32         68.76           38.95
2043.69         68.86           20.90
2052.09         68.94           2.80
2060.53         69.02           -15.28
2069.01         69.11           -33.58
2077.52         69.12           -52.21
2086.07         69.14           -70.92
2094.65         69.14           -89.22
2103.26         69.13           -107.89
2111.91         69.10           -126.53
2120.60         69.10           -144.70
2129.32         69.14           -163.08
2138.08         69.13           178.33
2146.88         69.13           159.90
2155.71         69.08           141.45
2164.57         69.01           122.82
2173.48         68.99           104.19
2182.42         68.91           85.75
2191.40         68.91           67.37
2200.41         68.85           49.21
2209.46         68.88           30.85
2218.55         68.91           12.78
2227.67         68.97           -5.58
2236.84         69.04           -24.06
2246.04         69.12           -42.87
2255.28         69.23           -61.97
2264.55         69.29           -81.31
2273.87         69.42           -100.52
2283.22         69.49           -120.30
2292.61         69.57           -140.48
2302.04         69.64           -160.20
2311.51         69.67           179.49
2321.02         69.70           159.02
2330.57         69.63           138.69
2340.15         69.62           118.45
2349.78         69.61           98.42
2359.44         69.60           78.16
2369.15         69.56           57.71
2378.89         69.54           37.56
2388.68         69.56           17.12
2398.51         69.53           -3.43
2408.37         69.51           -23.72
2418.28         69.41           -44.21
2428.22         69.40           -64.54
2438.21         69.43           -84.86
2448.24         69.41           -105.31
2458.31         69.46           -125.73
2468.42         69.53           -146.25
2478.58         69.65           -167.28
2488.77         69.74           171.47
2499.01         69.83           150.22
2509.29         69.88           128.72
2519.61         69.95           107.47
2529.97         70.00           85.61
2540.38         69.99           63.94
2550.83         69.98           42.27
2561.32         70.00           20.48
2571.86         70.07           -1.43
2582.44         70.11           -23.43
2593.06         70.13           -45.66
2603.73         70.17           -67.99
2614.44         70.18           -90.57
2625.19         70.19           -113.15
2635.99         70.18           -135.49
2646.83         70.15           -158.01
2657.72         70.15           179.39
2668.65         70.15           156.99
2679.63         70.15           133.94
2690.65         70.14           111.38
2701.72         70.18           88.77
2712.83         70.26           66.20
2723.99         70.32           43.20
2735.19         70.39           19.85
2746.44         70.41           -3.67
2757.74         70.41           -27.19
2769.08         70.44           -50.88
2780.47         70.47           -73.94
2791.91         70.52           -97.57
2803.39         70.60           -121.41
2814.93         70.62           -145.30
2826.50         70.68           -169.32
2838.13         70.74           166.25
2849.80         70.82           142.06
2861.53         70.89           117.13
2873.30         70.91           92.14
2885.12         70.92           66.56
2896.98         70.90           41.30
2908.90         70.84           16.10
2920.87         70.83           -8.91
2932.88         70.80           -33.98
2944.94         70.76           -59.13
2957.06         70.73           -84.60
2969.22         70.68           -110.13
2981.43         70.62           -135.53
2993.70         70.58           -161.15
3006.01         70.53           173.13
3018.38         70.42           147.62
3030.79         70.33           121.70
3043.26         70.22           96.06
3055.78         70.15           70.17
3068.35         70.02           44.31
3080.97         69.95           18.29
3093.64         69.85           -7.74
3106.36         69.75           -33.72
3119.14         69.69           -59.63
3131.97         69.63           -85.75
3144.86         69.57           -111.56
3157.79         69.53           -137.04
3170.78         69.52           -163.40
3183.82         69.53           170.17
3196.92         69.46           143.62
3210.07         69.47           116.86
3223.27         69.45           90.24
3236.53         69.44           63.34
3249.84         69.42           36.49
3263.21         69.41           9.49
3276.63         69.44           -17.51
3290.11         69.52           -44.70
3303.64         69.56           -72.02
3317.23         69.55           -99.81
3330.88         69.53           -127.58
3344.58         69.49           -155.55
3358.34         69.47           176.47
3372.15         69.46           148.88
3386.02         69.52           121.12
3399.95         69.60           93.10
3413.93         69.71           64.87
3427.98         69.80           36.52
3442.08         69.89           8.09
3456.24         69.99           -20.61
3470.45         70.10           -49.20
3484.73         70.23           -78.22
3499.06         70.31           -107.46
3513.45         70.38           -136.95
3527.91         70.51           -166.44
3542.42         70.65           164.01
3556.99         70.80           134.02
3571.62         70.91           103.26
3586.31         70.99           72.34
3601.06         71.00           41.51
3615.87         71.01           10.44
3630.75         70.99           -20.85
3645.68         70.94           -52.15
3660.68         70.88           -83.24
3675.74         70.79           -113.99
3690.85         70.73           -144.90
3706.04         70.65           -175.67
3721.28         70.62           153.75
3736.59         70.65           123.12
3751.96         70.68           92.02
3767.39         70.71           60.78
3782.89         70.69           29.15
3798.45         70.73           -2.23
3814.07         70.80           -33.65
3829.76         70.89           -65.64
3845.51         70.96           -97.56
3861.33         71.07           -129.43
3877.21         71.17           -161.35
3893.16         71.31           166.43
3909.18         71.47           133.56
3925.26         71.64           100.55
3941.40         71.78           67.09
3957.61         71.88           33.18
3973.89         71.92           -1.02
3990.24         71.97           -35.01
4006.65         72.00           -69.36
4023.13         72.04           -103.36
4039.68         72.06           -137.62
4056.30         72.08           -172.18
4072.98         72.09           153.38
4089.73         72.10           118.85
4106.56         72.08           84.17
4123.45         72.11           49.35
4140.41         72.16           14.27
4157.44         72.22           -21.19
4174.54         72.22           -57.00
4191.71         72.22           -92.80
4208.95         72.23           -128.56
4226.27         72.24           -164.66
4243.65         72.20           159.21
4261.11         72.21           123.41
4278.63         72.17           87.01
4296.23         72.15           50.59
4313.91         72.12           14.07
4331.65         72.09           -22.44
4349.47         72.08           -59.16
4367.36         72.05           -96.15
4385.32         72.07           -133.19
4403.36         72.04           -170.50
4421.47         71.96           152.40
4439.66         71.93           115.26
4457.92         71.91           77.88
4476.26         71.87           40.47
4494.67         71.86           2.77
4513.16         71.85           -34.92
4531.72         71.83           -73.35
4550.36         71.80           -111.94
4569.08         71.76           -150.70
4587.87         71.71           170.63
4606.75         71.69           131.83
4625.70         71.65           92.82
4644.72         71.69           53.65
4663.83         71.59           13.96
4683.01         71.50           -25.92
4702.27         71.43           -65.68
4721.62         71.34           -105.73
4741.04         71.26           -146.02
4760.54         71.15           173.51
4780.12         71.04           133.39
4799.78         70.93           92.90
4819.52         70.81           52.78
4839.35         70.76           12.42
4859.25         70.69           -28.07
4879.24         70.63           -68.86
4899.31         70.62           -109.81
4919.46         70.57           -151.09
4939.70         70.50           167.04
4960.02         70.44           125.41
4980.42         70.36           83.76
5000.91         70.26           41.70
5021.48         70.18           -0.02
5042.13         70.07           -41.93
5062.87         69.95           -83.98
5083.70         69.91           -126.01
5104.61         69.87           -168.24
5125.60         69.90           149.27
5146.69         69.89           106.34
5167.86         69.88           63.17
5189.11         69.86           19.74
5210.46         69.78           -24.07
5231.89         69.70           -67.82
5253.41         69.56           -111.70
5275.02         69.52           -155.28
5296.72         69.48           161.07
5318.50         69.45           116.88
5340.38         69.40           72.20
5362.35         69.40           27.80
5384.41         69.45           -16.91
5406.55         69.49           -62.63
5428.79         69.52           -108.85
5451.12         69.43           -155.33
5473.54         69.33           158.72
5496.06         69.23           112.17
5518.67         69.14           65.85
5541.37         69.07           19.52
5564.16         68.98           -27.42
5587.05         68.94           -74.03
5610.03         68.84           -121.31
5633.10         68.74           -168.92
5656.28         68.70           143.42
5679.54         68.62           95.42
5702.90         68.53           47.05
5726.36         68.37           -1.06
5749.92         68.19           -49.20
5773.57         68.01           -97.25
5797.32         67.89           -145.24
5821.16         67.81           166.21
5845.11         67.77           117.87
5869.15         67.67           68.90
5893.29         67.57           19.52
5917.53         67.46           -29.49
5941.87         67.36           -79.01
5966.31         67.25           -128.90
5990.86         67.19           -179.01
6015.50         67.06           131.06
6040.24         66.93           81.22
6065.09         66.82           31.25
6090.03         66.75           -19.36
6115.08         66.67           -70.00
6140.24         66.58           -120.63
6165.49         66.50           -171.73
6190.86         66.42           137.07
6216.32         66.26           85.51
6241.89         66.18           33.59
6267.56         65.99           -18.12
6293.34         66.06           -70.61
6319.23         66.05           -123.44
6345.22         66.03           -176.57
6371.32         65.96           130.60
6397.53         65.89           77.24
6423.85         65.91           23.49
6450.27         65.97           -30.95
6476.80         66.00           -85.26
6503.44         65.95           -140.48
6530.19         65.87           163.60
6557.05         65.74           107.97
6584.03         65.65           51.67
6611.11         65.57           -4.76
6638.30         65.46           -61.17
6665.61         65.40           -118.45
6693.02         65.20           -175.51
6720.56         64.98           127.67
6748.20         64.76           70.91
6775.96         64.64           13.13
6803.83         64.51           -44.33
6831.81         64.35           -102.71
6859.92         64.06           -161.03
6888.13         63.78           140.28
6916.47         63.57           82.13
6944.92         63.52           22.95
6973.48         63.50           -37.63
7002.17         63.42           -98.14
7030.97         63.20           -160.03
7059.89         62.90           137.32
7088.93         62.63           75.38
7118.09         62.30           13.32
7147.37         62.05           -33.54
7176.77         61.84           -54.55
7206.29         61.47           -44.85
7235.93         61.12           -33.00
7265.69         60.66           -38.27
7295.58         60.31           -28.18
7325.59         59.94           -16.69
7355.72         59.41           9.72
7385.98         58.70           21.37
7416.36         57.83           25.27
7446.86         57.01           24.90
7477.49         56.54           25.70
7508.25         56.33           20.91
7539.13         56.43           -5.93
7570.15         56.67           -32.08
7601.28         56.73           -74.30
7632.55         56.72           -143.04
7663.94         56.81           140.15
7695.47         57.04           63.40
7727.12         57.47           1.83
7758.91         58.02           -76.86
7790.82         58.51           -157.81
7822.87         58.83           105.25
7855.05         59.01           22.63
7887.36         59.24           -51.84
7919.80         59.43           -121.33
7952.38         59.64           168.66
7985.09         59.81           103.80
8017.93         60.01           59.68
8050.91         60.24           14.64
8084.03         60.52           -31.00
8117.28         60.84           -77.43
8150.67         60.99           -147.43
8184.20         61.12           139.64
8217.86         61.21           68.21
8251.66         61.23           -2.28
8285.60         61.22           -72.47
8319.68         61.39           -142.61
8353.91         61.47           147.69
8388.27         61.59           77.79
8422.77         61.86           6.24
8457.42         61.98           -65.62
8492.21         62.10           -138.24
8527.14         62.26           149.29
8562.21         62.34           75.64
8597.43         62.45           2.28
8632.79         62.53           -71.45
8668.30         62.68           -144.95
8703.96         62.77           140.84
8739.76         63.06           66.39
8775.71         63.24           -8.43
8811.81         63.42           -84.06
8848.05         63.52           -160.22
8884.45         63.74           122.88
8920.99         63.98           45.19
8957.69         63.99           -32.23
8994.54         64.12           -109.92
9031.53         64.29           172.70
9068.68         64.57           94.55
9105.98         64.80           16.01
9143.44         64.97           -63.40
9181.05         65.20           -142.71
9218.82         65.49           137.32
9256.74         65.82           56.58
9294.81         65.89           -24.12
9333.04         66.11           -105.11
9371.43         66.39           173.04
9409.98         66.66           91.21
9448.69         66.88           9.31
9487.55         67.02           -73.10
9526.58         67.21           -156.43
9565.76         67.57           119.85
9605.11         67.82           35.70
9644.62         67.89           -48.58
9684.29         68.08           -132.96
9724.13         68.32           142.76
9764.12         68.56           57.96
9804.29         68.68           -27.21
9844.61         68.80           -112.38
9885.11         69.01           162.09
9925.77         69.25           75.80
9966.60         69.41           -10.15
10007.59        69.65           -96.87
10048.76        69.87           176.62
10090.09        70.15           89.71
10131.59        70.37           2.17
10173.27        70.48           -85.74
10215.12        70.63           -173.59
10257.13        70.89           98.07
10299.32        71.07           9.61
10341.69        71.25           -79.36
10384.23        71.42           -168.59
10426.94        71.64           102.16
10469.83        71.86           12.19
10512.90        72.06           -78.56
10556.14        72.22           -169.18
10599.56        72.36           99.75
10643.16        72.45           8.74
10686.94        72.56           -83.07
10730.90        72.63           -174.74
10775.04        72.78           93.79
10819.36        72.92           1.69
10863.86        73.07           -91.04
10908.55        73.18           175.80
10953.42        73.26           82.18
10998.47        73.31           -11.70
11043.71        73.37           -105.57
11089.14        73.47           160.06
11134.75        73.56           65.56
11180.55        73.60           -29.26
11226.54        73.65           -124.63
11272.72        73.69           139.68
11319.09        73.76           43.69
11365.65        73.83           -52.44
11412.40        73.96           -149.38
11459.34        74.02           112.89
11506.48        74.06           14.96
11553.81        74.07           -83.34
11601.33        74.07           178.43
11649.05        74.09           79.91
11696.97        74.11           -19.40
11745.08        74.13           -119.26
11793.39        74.05           140.47
11841.90        73.94           39.51
11890.61        73.86           -61.33
11939.52        73.75           -162.33
11988.63        73.64           96.02
12037.95        73.53           -5.89
12087.46        73.35           -107.95
12137.18        73.10           149.72
12187.11        72.84           47.06
12237.24        72.62           -55.70
12287.57        72.37           -158.42
12338.12        72.13           98.28
12388.87        71.88           -5.41
12439.83        71.65           -109.05
12490.99        71.31           147.07
12542.37        71.08           43.09
12593.96        70.92           -60.70
12645.77        70.78           -165.14
12697.78        70.65           89.74
12750.01        70.57           -15.92
12802.46        70.41           -121.82
12855.12        70.31           131.53
12908.00        70.22           24.83
12961.09        70.20           -82.03
13014.40        70.08           170.45
13067.94        70.02           62.11
13121.69        69.98           -46.23
13175.66        69.88           -154.70
13229.86        69.79           96.15
13284.28        69.71           -13.32
13338.92        69.71           -122.44
13393.79        69.68           127.58
13448.88        69.76           17.06
13504.20        69.87           -93.64
13559.75        69.99           155.28
13615.52        70.23           43.25
13671.53        70.51           -69.17
13727.76        70.82           177.30
13784.23        71.16           63.05
13840.93        71.49           -51.82
13897.86        71.74           -167.37
13955.03        71.95           75.81
14012.43        72.15           -41.46
14070.06        72.33           -159.26
14127.94        72.54           81.77
14186.05        72.70           -38.93
14244.40        72.77           -160.07
14303.00        72.78           78.21
14361.83        72.74           -43.42
14420.90        72.68           -165.50
14480.22        72.60           71.96
14539.78        72.45           -50.98
14599.59        72.26           -174.28
14659.64        72.00           62.60
14719.94        71.74           -60.78
14780.49        71.50           175.55
14841.29        71.25           51.62
14902.33        71.02           -73.03
14963.63        70.79           161.93
15025.18        70.51           37.24
15086.98        70.20           -87.73
15149.04        69.99           146.65
15211.35        69.77           21.39
15273.92        69.66           -105.09
15336.75        69.58           127.91
15399.83        69.39           0.69
15463.18        69.25           -127.13
15526.78        69.20           104.65
15590.65        69.14           -24.74
15654.78        69.12           -154.78
15719.17        69.15           75.08
15783.83        69.13           -55.77
15848.75        69.15           172.71
15913.95        69.15           41.05
15979.40        69.10           -92.18
16045.13        69.14           134.28
16111.13        69.10           0.68
16177.40        69.11           -134.36
16243.95        69.09           90.28
16310.76        69.01           -46.01
16377.85        68.95           177.47
16445.22        68.92           40.52
16512.87        68.80           -97.05
16580.79        68.77           125.42
16648.99        68.62           -13.29
16717.47        68.48           -152.21
16786.23        68.34           68.65
16855.28        68.23           -71.22
16924.61        68.23           148.00
16994.23        68.16           7.19
17064.13        68.19           -134.42
17134.32        68.16           83.37
17204.80        68.17           -59.25
17275.57        68.19           157.15
17346.63        68.21           13.41
17417.98        68.28           -131.57
17489.63        68.41           82.77
17561.57        68.53           -63.76
17633.80        68.53           148.94
17706.34        68.65           1.33
17779.17        68.80           -147.65
17852.30        68.87           62.16
17925.73        68.96           -88.35
17999.47        68.95           120.49
18073.50        69.05           -31.49
18147.85        69.00           175.71
18222.49        69.06           21.91
18297.45        69.02           -132.20
18372.71        68.96           72.96
18448.29        68.92           -82.45
18524.17        68.81           121.50
18600.36        68.72           -35.60
18676.87        68.53           167.21
18753.70        68.43           8.67
18830.84        68.29           -149.70
18908.29        68.09           51.02
18986.07        67.98           -108.82
19064.17        67.76           89.99
19142.58        67.60           -71.19
19221.32        67.37           126.99
19300.38        67.21           -35.94
19379.77        66.94           160.50
19459.49        66.78           -3.86
19539.53        66.56           -168.80
19619.90        66.34           25.02
19700.61        66.18           -140.83
19781.64        65.94           52.02
19863.01        65.78           -115.63
19944.71        65.61           75.65
20026.75        65.41           -95.73
20109.13        65.15           69.69
20191.84        64.95           -130.99
20274.90        64.78           9.50
20358.29        64.50           153.00
20442.04        64.28           -47.20
20526.12        64.00           92.45
20610.55        63.84           -129.60
20695.33        63.55           6.69
20780.45        63.35           99.56
20865.93        63.13           -148.79
20951.76        62.99           4.33
21037.94        62.80           162.43
21124.47        62.67           -39.61
21211.37        62.45           134.48
21298.62        62.36           -45.66
21386.22        62.27           146.36
21474.19        62.15           19.31
21562.52        62.23           -69.46
21651.22        62.32           -172.49
21740.28        62.36           41.43
21829.70        62.34           -69.08
21919.49        62.31           -168.82
22009.65        62.32           79.88
22100.19        62.38           30.06
22191.09        62.31           -28.19
22282.37        62.26           -111.63
22374.03        62.13           -166.02
22466.06        62.00           178.47
22558.47        61.92           102.40
22651.26        61.73           36.12
22744.43        61.63           29.00
22837.98        61.40           19.95
22931.92        61.17           93.88
23026.25        60.88           -132.49
23120.96        60.69           78.41
23216.07        60.61           -59.27
23311.56        60.45           145.50
23407.45        60.29           134.15
23503.73        60.14           30.85
23600.41        60.08           -135.98
23697.49        60.00           113.04
23794.96        60.07           -19.23
23892.84        59.94           172.90
23991.12        59.94           76.94
24089.80        60.04           -8.23
24188.89        60.00           -93.74
24288.39        60.07           97.84
24388.29        60.06           -175.57
24488.61        60.04           -54.92
24589.34        60.03           9.29
24690.48        59.96           -35.79
24792.04        60.00           -124.72
24894.02        60.10           59.31
24996.42        60.09           -85.16
25099.24        60.16           166.68
25202.48        60.19           38.58
25306.14        60.19           -90.25
25410.23        60.28           101.30
25514.75        60.31           -54.44
25619.71        60.34           118.73
25725.09        60.41           -38.04
25830.90        60.51           139.34
25937.15        60.57           -113.81
26043.84        60.64           -69.47
26150.97        60.70           -106.86
26258.53        60.78           -74.86
26366.54        60.83           -15.76
26475.00        60.82           26.26
26583.90        60.87           111.58
26693.24        60.89           -133.25
26803.04        60.93           67.38
26913.29        60.94           -101.74
27023.99        60.99           132.56
27135.15        60.99           5.53
27246.77        61.01           -36.12
27358.84        61.03           -98.20
27471.38        60.99           -38.45
27584.38        60.97           129.16
27697.84        60.97           -107.38
27811.77        60.98           97.48
27926.17        60.95           -54.13
28041.04        60.99           -177.62
28156.38        61.00           147.37
28272.19        60.98           84.79
28388.49        60.96           -53.68
28505.26        60.98           62.39
28622.51        60.99           -79.96
28740.24        61.05           150.43
28858.46        61.16           -12.20
28977.16        61.17           143.91
29096.36        61.18           -68.94
29216.04        61.22           70.69
29336.21        61.23           -108.28
29456.88        61.29           146.40
29578.05        61.31           134.48
29699.71        61.31           128.04
29821.88        61.29           168.37
29944.54        61.33           165.81
30067.71        61.36           178.14
30191.39        61.42           -128.88
30315.58        61.43           -175.40
30440.28        61.45           -1.26
30565.49        61.43           97.38
30691.21        61.46           -132.59
30817.46        61.46           -52.58
30944.22        61.50           -63.38
31071.50        61.52           -86.55
31199.31        61.55           -170.89
31327.64        61.55           133.84
31456.50        61.56           74.18
31585.89        61.54           37.38
31715.81        61.57           53.57
31846.27        61.58           -4.30
31977.26        61.61           -121.39
32108.80        61.67           126.88
32240.87        61.64           127.32
32373.49        61.66           169.07
32506.65        61.69           -122.18
32640.36        61.65           -44.45
32774.62        61.68           -37.82
32909.43        61.67           -5.09
33044.80        61.69           39.16
33180.72        61.80           78.25
33317.21        61.78           56.60
33454.25        61.80           -39.75
33591.86        61.92           -138.79
33730.04        61.99           97.73
33868.78        62.03           37.19
34008.09        62.00           53.09
34147.98        62.02           130.44
34288.44        62.10           138.50
34429.48        62.12           -171.17
34571.10        62.16           -90.46
34713.30        62.13           -58.29
34856.09        62.15           60.93
34999.46        62.20           -136.04
35143.43        62.23           22.81
35287.98        62.25           -151.15
35433.13        62.34           87.12
35578.88        62.38           46.11
35725.23        62.35           14.77
35872.18        62.32           -62.61
36019.73        62.43           163.26
36167.89        62.51           34.56
36316.66        62.53           -59.25
36466.04        62.51           -157.29
36616.04        62.52           38.45
36766.65        62.52           -78.94
36917.89        62.70           173.56
37069.74        62.73           94.47
37222.22        62.75           25.92
37375.33        62.75           -33.01
37529.07        62.67           -172.86
37683.43        62.68           -122.54
37838.44        62.70           140.79
37994.08        62.77           -14.33
38150.36        62.77           158.89
38307.29        62.69           -28.06
38464.86        62.69           120.16
38623.07        62.70           177.89
38781.94        62.78           -41.68
38941.46        62.84           153.38
39101.64        62.93           -20.70
39262.48        62.87           101.14
39423.98        62.97           -89.09
39586.14        62.99           36.14
39748.98        63.11           144.60
39912.48        63.23           -47.63
40076.65        63.32           -99.00
40241.50        63.35           -51.05
40407.02        63.39           -15.35
40573.23        63.47           86.57
40740.12        63.53           -141.17
40907.70        63.64           28.93
41075.96        63.74           -1.22
41244.92        63.78           -65.50
41414.57        63.82           -95.94
41584.93        63.88           -112.72
41755.98        63.90           -7.28
41927.73        63.95           8.29
42100.19        64.07           38.94
42273.36        64.10           -64.32
42447.25        64.14           -139.08
42621.84        64.23           113.45
42797.16        64.29           -87.32
42973.20        64.33           115.01
43149.96        64.43           -52.19
43327.45        64.52           -145.93
43505.67        64.53           51.85
43684.62        64.54           122.04
43864.31        64.58           -167.98
44044.74        64.63           -164.26
44225.91        64.64           137.31
44407.82        64.77           -23.23
44590.49        64.76           175.94
