Freq[Hz]        [dBSPL]         Phase[Deg]
10.00           103.22          55.67
10.04           103.09          57.64
10.08           102.96          59.69
10.12           102.83          61.82
10.17           102.70          64.02
10.21           102.56          66.29
10.25           102.43          68.63
10.29           102.30          71.02
10.33           102.00          75.44
10.38           101.70          80.05
10.42           101.39          84.84
10.46           101.06          89.81
10.50           100.73          94.94
10.55           100.39          100.21
10.59           100.04          105.61
10.64           99.68           111.12
10.68           99.32           116.71
10.72           98.96           122.36
10.77           98.59           128.07
10.81           98.21           133.79
10.86           97.84           139.51
10.90           97.47           145.20
10.95           97.09           150.85
10.99           96.72           156.42
11.04           96.36           161.90
11.08           96.00           167.25
11.13           95.64           172.45
11.17           95.30           177.47
11.22           94.96           -177.71
11.26           94.64           -173.13
11.31           94.33           -168.80
11.36           94.03           -164.77
11.40           93.76           -161.06
11.45           93.50           -157.70
11.50           93.26           -154.72
11.55           93.05           -152.14
11.59           92.86           -149.98
11.64           92.70           -148.27
11.69           92.57           -147.02
11.74           92.46           -146.24
11.78           92.39           -145.94
11.83           92.34           -146.13
11.88           92.33           -146.81
11.93           92.34           -147.99
11.98           92.39           -149.66
12.03           92.46           -151.80
12.08           92.56           -154.43
12.13           92.68           -157.51
12.18           92.83           -161.04
12.23           93.00           -164.99
12.28           93.19           -169.36
12.33           93.39           -174.12
12.38           93.62           -179.25
12.43           93.86           175.26
12.48           94.11           169.43
12.53           94.38           163.29
12.58           94.65           156.85
12.64           94.93           150.13
12.69           95.22           143.15
12.74           95.52           135.95
12.79           95.81           128.53
12.85           96.11           120.92
12.90           96.40           113.15
12.95           96.70           105.24
13.00           96.98           97.21
13.06           97.27           89.08
13.11           97.54           80.87
13.17           97.81           72.61
13.22           98.06           64.32
13.27           98.31           56.01
13.33           98.54           47.70
13.38           98.76           39.42
13.44           98.97           31.19
13.49           99.16           23.02
13.55           99.34           14.92
13.61           99.50           6.93
13.66           99.64           -0.95
13.72           99.76           -8.70
13.77           99.86           -16.30
13.83           99.94           -23.73
13.89           100.00          -30.98
13.94           100.04          -38.02
14.00           100.06          -44.85
14.06           100.05          -51.43
14.12           100.02          -57.75
14.18           99.96           -63.79
14.23           99.88           -69.53
14.29           99.76           -74.94
14.35           99.63           -80.01
14.41           99.46           -84.73
14.47           99.26           -89.07
14.53           99.04           -93.03
14.59           98.78           -96.60
14.65           98.50           -99.76
14.71           98.19           -102.53
14.77           97.85           -104.88
14.83           97.49           -106.83
14.89           97.10           -108.39
14.95           96.68           -109.55
15.01           96.23           -110.33
15.08           95.77           -110.73
15.14           95.29           -110.79
15.20           94.79           -110.51
15.26           94.28           -109.92
15.33           93.77           -109.03
15.39           93.25           -107.88
15.45           92.75           -106.47
15.52           92.25           -104.83
15.58           91.76           -102.99
15.64           91.31           -100.96
15.71           90.88           -98.78
15.77           90.50           -96.46
15.84           90.16           -94.04
15.90           89.89           -91.54
15.97           89.68           -88.98
16.03           89.54           -86.39
16.10           89.47           -83.81
16.17           89.49           -81.27
16.23           89.58           -78.78
16.30           89.75           -76.40
16.37           90.00           -74.14
16.43           90.31           -72.04
16.50           90.68           -70.13
16.57           91.09           -68.46
16.64           91.56           -67.06
16.70           92.05           -65.96
16.77           92.56           -65.20
16.84           93.09           -64.82
16.91           93.62           -64.87
16.98           94.15           -65.38
17.05           94.67           -66.39
17.12           95.18           -67.95
17.19           95.66           -70.10
17.26           96.11           -72.86
17.33           96.53           -76.25
17.40           96.92           -80.30
17.48           97.27           -84.99
17.55           97.58           -90.32
17.62           97.86           -96.27
17.69           98.09           -102.82
17.77           98.28           -109.92
17.84           98.42           -117.54
17.91           98.52           -125.60
17.99           98.58           -134.04
18.06           98.59           -142.78
18.13           98.56           -151.72
18.21           98.48           -160.75
18.28           98.35           -169.77
18.36           98.18           -178.66
18.43           97.96           172.70
18.51           97.69           164.43
18.59           97.37           156.65
18.66           97.01           149.47
18.74           96.60           142.98
18.82           96.14           137.26
18.89           95.63           132.37
18.97           95.07           128.36
19.05           94.46           125.27
19.13           93.81           123.10
19.21           93.11           121.85
19.29           92.36           121.51
19.37           91.57           122.03
19.44           90.73           123.36
19.52           89.85           125.42
19.61           88.94           128.12
19.69           88.00           131.35
19.77           87.04           134.97
19.85           86.07           138.85
19.93           85.11           142.85
20.01           84.17           146.83
20.09           83.25           150.65
20.18           82.39           154.22
20.26           81.60           157.42
20.34           80.89           160.17
20.43           80.29           162.41
20.51           79.80           164.08
20.59           79.45           165.14
20.68           79.23           165.58
20.76           79.14           165.40
20.85           79.15           164.60
20.94           79.27           163.22
21.02           79.46           161.32
21.11           79.70           158.96
21.20           79.96           156.23
21.28           80.24           153.25
21.37           80.50           150.11
21.46           80.75           146.94
21.55           80.95           143.85
21.63           81.12           140.92
21.72           81.24           138.25
21.81           81.31           135.93
21.90           81.34           134.03
21.99           81.31           132.62
22.08           81.23           131.76
22.17           81.10           131.50
22.27           80.92           131.90
22.36           80.67           132.97
22.45           80.36           134.76
22.54           79.98           137.28
22.63           79.54           140.53
22.73           79.02           144.51
22.82           78.43           149.22
22.91           77.78           154.65
23.01           77.06           160.77
23.10           76.27           167.55
23.20           75.43           174.97
23.29           74.53           -177.03
23.39           73.58           -168.49
23.49           72.58           -159.48
23.58           71.54           -150.05
23.68           70.47           -140.29
23.78           69.37           -130.28
23.87           68.25           -120.11
23.97           67.13           -109.89
24.07           66.00           -99.72
24.17           64.89           -89.74
24.27           63.81           -80.07
24.37           62.77           -70.83
24.47           61.80           -62.13
24.57           60.91           -54.06
24.67           60.13           -46.68
24.77           59.49           -40.06
24.88           59.00           -34.21
24.98           58.68           -29.16
25.08           58.55           -24.90
25.18           58.59           -21.40
25.29           58.81           -18.61
25.39           59.18           -16.45
25.50           59.67           -14.85
25.60           60.27           -13.67
25.71           60.95           -12.79
25.81           61.68           -12.07
25.92           62.45           -11.38
26.02           63.24           -10.61
26.13           64.03           -9.68
26.24           64.81           -8.54
26.35           65.58           -7.16
26.45           66.32           -5.51
26.56           67.02           -3.61
26.67           67.67           -1.51
26.78           68.27           0.73
26.89           68.82           3.01
27.00           69.29           5.23
27.11           69.70           7.23
27.23           70.05           8.85
27.34           70.32           9.96
27.45           70.53           10.41
27.56           70.67           10.12
27.68           70.75           9.02
27.79           70.78           7.07
27.90           70.75           4.28
28.02           70.66           0.68
28.14           70.52           -3.68
28.25           70.32           -8.68
28.37           70.06           -14.19
28.48           69.74           -20.04
28.60           69.37           -26.02
28.72           68.95           -31.94
28.84           68.48           -37.58
28.96           67.99           -42.77
29.07           67.49           -47.35
29.19           67.00           -51.21
29.31           66.54           -54.26
29.43           66.12           -56.48
29.56           65.76           -57.83
29.68           65.49           -58.37
29.80           65.30           -58.16
29.92           65.21           -57.32
30.04           65.21           -55.98
30.17           65.30           -54.31
30.29           65.47           -52.47
30.42           65.71           -50.66
30.54           66.01           -49.02
30.67           66.34           -47.69
30.79           66.71           -46.79
30.92           67.08           -46.39
31.05           67.45           -46.57
31.18           67.81           -47.34
31.30           68.15           -48.71
31.43           68.44           -50.67
31.56           68.70           -53.16
31.69           68.90           -56.12
31.82           69.07           -59.45
31.95           69.18           -63.07
32.08           69.25           -66.85
32.22           69.27           -70.71
32.35           69.25           -74.55
32.48           69.19           -78.28
32.62           69.08           -81.83
32.75           68.93           -85.12
32.88           68.74           -88.07
33.02           68.51           -90.65
33.16           68.24           -92.84
33.29           67.93           -94.66
33.43           67.60           -96.14
33.57           67.25           -97.36
33.70           66.89           -98.40
33.84           66.51           -99.38
33.98           66.12           -100.45
34.12           65.72           -101.75
34.26           65.31           -103.48
34.40           64.88           -105.81
34.54           64.44           -108.87
34.69           63.98           -112.76
34.83           63.49           -117.54
34.97           62.96           -123.21
35.12           62.39           -129.74
35.26           61.76           -137.00
35.41           61.06           -144.83
35.55           60.27           -152.98
35.70           59.40           -161.15
35.84           58.44           -169.02
35.99           57.39           -176.34
36.14           56.29           177.13
36.29           55.24           171.59
36.44           54.39           167.20
36.59           53.91           164.05
36.74           53.93           162.12
36.89           54.39           161.27
37.04           55.13           161.29
37.19           55.96           161.86
37.35           56.77           162.70
37.50           57.51           163.51
37.65           58.14           164.01
37.81           58.69           163.94
37.97           59.15           163.07
38.12           59.55           161.23
38.28           59.88           158.39
38.44           60.18           154.64
38.59           60.44           150.16
38.75           60.67           145.19
38.91           60.88           139.96
39.07           61.06           134.74
39.23           61.22           129.80
39.39           61.36           125.46
39.56           61.49           121.99
39.72           61.63           119.58
39.88           61.79           118.31
40.05           61.98           118.19
40.21           62.18           119.14
40.38           62.41           121.07
40.54           62.66           123.83
40.71           62.91           127.22
40.88           63.16           130.98
41.04           63.41           134.84
41.21           63.65           138.57
41.38           63.88           141.99
41.55           64.09           144.96
41.72           64.29           147.40
41.90           64.47           149.25
42.07           64.64           150.50
42.24           64.80           151.16
42.42           64.94           151.30
42.59           65.08           151.02
42.76           65.21           150.38
42.94           65.33           149.44
43.12           65.46           148.25
43.29           65.59           146.84
43.47           65.72           145.26
43.65           65.85           143.52
43.83           65.99           141.64
44.01           66.14           139.64
44.19           66.31           137.53
44.37           66.48           135.33
44.56           66.66           133.07
44.74           66.86           130.78
44.92           67.06           128.48
45.11           67.27           126.18
45.29           67.49           123.89
45.48           67.69           121.64
45.67           67.89           119.42
45.86           68.08           117.24
46.04           68.25           115.08
46.23           68.39           112.95
46.42           68.52           110.83
46.61           68.63           108.71
46.81           68.73           106.60
47.00           68.81           104.47
47.19           68.88           102.32
47.39           68.94           100.16
47.58           69.00           97.99
47.78           69.05           95.83
47.97           69.10           93.70
48.17           69.15           91.64
48.37           69.21           89.69
48.57           69.27           87.88
48.77           69.35           86.27
48.97           69.44           84.86
49.17           69.54           83.65
49.37           69.65           82.62
49.58           69.77           81.73
49.78           69.88           80.91
49.98           70.00           80.06
50.19           70.11           79.12
50.40           70.21           78.01
50.60           70.30           76.71
50.81           70.37           75.19
51.02           70.44           73.46
51.23           70.49           71.56
51.44           70.53           69.53
51.65           70.57           67.42
51.86           70.60           65.28
52.08           70.64           63.13
52.29           70.68           61.02
52.51           70.72           58.96
52.72           70.78           56.98
52.94           70.85           55.09
53.16           70.94           53.34
53.38           71.05           51.76
53.60           71.17           50.37
53.82           71.31           49.17
54.04           71.46           48.15
54.26           71.63           47.29
54.48           71.80           46.54
54.71           71.97           45.83
54.93           72.13           45.10
55.16           72.29           44.31
55.39           72.44           43.41
55.61           72.58           42.39
55.84           72.70           41.23
56.07           72.79           39.96
56.30           72.87           38.60
56.53           72.92           37.21
56.77           72.95           35.81
57.00           72.95           34.46
57.23           72.92           33.18
57.47           72.87           31.99
57.71           72.79           30.89
57.94           72.70           29.86
58.18           72.59           28.86
58.42           72.48           27.84
58.66           72.37           26.77
58.90           72.29           25.60
59.15           72.24           24.32
59.39           72.22           22.93
59.63           72.25           21.43
59.88           72.31           19.84
60.12           72.41           18.17
60.37           72.54           16.44
60.62           72.68           14.62
60.87           72.85           12.72
61.12           73.02           10.71
61.37           73.21           8.62
61.62           73.40           6.47
61.88           73.60           4.28
62.13           73.81           2.10
62.39           74.01           0.00
62.64           74.20           -1.99
62.90           74.39           -3.84
63.16           74.57           -5.55
63.42           74.74           -7.13
63.68           74.91           -8.61
63.94           75.09           -10.03
64.21           75.28           -11.44
64.47           75.49           -12.88
64.74           75.72           -14.38
65.00           75.96           -15.96
65.27           76.21           -17.61
65.54           76.47           -19.35
65.81           76.73           -21.16
66.08           76.98           -23.06
66.35           77.22           -25.04
66.62           77.46           -27.13
66.90           77.68           -29.35
67.17           77.89           -31.73
67.45           78.08           -34.29
67.73           78.25           -37.02
68.00           78.41           -39.92
68.28           78.54           -42.95
68.56           78.66           -46.09
68.85           78.75           -49.30
69.13           78.82           -52.59
69.41           78.87           -55.97
69.70           78.89           -59.46
69.99           78.90           -63.12
70.27           78.89           -66.96
70.56           78.86           -70.98
70.85           78.82           -75.13
71.14           78.78           -79.35
71.44           78.73           -83.54
71.73           78.70           -87.62
72.03           78.67           -91.56
72.32           78.64           -95.37
72.62           78.61           -99.07
72.92           78.56           -102.74
73.22           78.49           -106.43
73.52           78.40           -110.17
73.82           78.29           -113.96
74.13           78.15           -117.77
74.43           78.02           -121.56
74.74           77.87           -125.29
75.04           77.71           -128.93
75.35           77.53           -132.46
75.66           77.32           -135.90
75.97           77.07           -139.28
76.29           76.77           -142.60
76.60           76.41           -145.87
76.92           76.00           -149.06
77.23           75.54           -152.14
77.55           75.06           -155.04
77.87           74.58           -157.75
78.19           74.10           -160.26
78.51           73.62           -162.58
78.83           73.15           -164.75
79.16           72.65           -166.78
79.48           72.14           -168.67
79.81           71.59           -170.40
80.14           71.03           -171.98
80.47           70.48           -173.38
80.80           69.95           -174.61
81.13           69.47           -175.68
81.47           69.04           -176.61
81.80           68.65           -177.39
82.14           68.29           -178.04
82.47           67.96           -178.56
82.81           67.65           -178.94
83.15           67.37           -179.16
83.50           67.10           -179.17
83.84           66.84           -178.93
84.19           66.58           -178.40
84.53           66.30           -177.55
84.88           66.02           -176.42
85.23           65.74           -175.04
85.58           65.49           -173.46
85.93           65.28           -171.75
86.28           65.15           -170.04
86.64           65.07           -168.50
87.00           65.00           -167.35
87.35           64.86           -166.76
87.71           64.64           -166.75
88.07           64.39           -167.17
88.44           64.14           -167.73
88.80           64.00           -168.14
89.16           64.06           -168.31
89.53           64.33           -168.34
89.90           64.63           -168.51
90.27           64.83           -169.08
90.64           64.92           -170.24
91.01           64.94           -172.05
91.39           64.91           -174.45
91.76           64.87           -177.26
92.14           64.87           179.78
92.52           64.99           177.03
92.90           65.25           174.79
93.28           65.55           173.18
93.67           65.84           172.03
94.05           66.08           170.94
94.44           66.25           169.48
94.83           66.30           167.45
95.22           66.24           164.90
95.61           66.15           162.13
96.00           66.12           159.49
96.40           66.14           157.15
96.79           66.19           155.18
97.19           66.25           153.48
97.59           66.29           151.93
97.99           66.28           150.36
98.40           66.21           148.60
98.80           66.09           146.48
99.21           65.96           144.01
99.62           65.83           141.35
100.03          65.69           138.82
100.44          65.53           136.65
100.85          65.35           134.82
101.26          65.18           133.09
101.68          65.04           131.09
102.10          64.96           128.57
102.52          64.92           125.47
102.94          64.90           121.87
103.36          64.87           117.99
103.79          64.82           114.12
104.22          64.76           110.61
104.65          64.70           107.66
105.08          64.65           105.15
105.51          64.62           102.64
105.94          64.61           99.58
106.38          64.60           95.59
106.82          64.61           90.72
107.25          64.63           85.35
107.70          64.66           79.95
108.14          64.69           74.86
108.58          64.73           70.20
109.03          64.81           65.94
109.48          64.90           61.98
109.93          65.01           58.13
110.38          65.09           54.12
110.84          65.15           49.55
111.29          65.17           44.13
111.75          65.18           37.90
112.21          65.20           31.35
112.67          65.25           25.17
113.13          65.35           19.79
113.60          65.49           15.10
114.07          65.68           10.52
114.54          65.88           5.53
115.01          66.10           -0.03
115.48          66.30           -5.98
115.95          66.48           -12.03
116.43          66.65           -18.08
116.91          66.82           -24.22
117.39          67.00           -30.54
117.87          67.18           -36.98
118.36          67.36           -43.35
118.85          67.53           -49.46
119.33          67.68           -55.36
119.83          67.82           -61.31
120.32          67.95           -67.57
120.81          68.08           -74.18
121.31          68.18           -80.89
121.81          68.28           -87.40
122.31          68.38           -93.55
122.81          68.49           -99.38
123.32          68.63           -105.04
123.83          68.78           -110.62
124.34          68.90           -116.10
124.85          68.98           -121.38
125.36          69.04           -126.35
125.88          69.09           -131.00
126.39          69.15           -135.44
126.91          69.22           -139.90
127.44          69.29           -144.53
127.96          69.36           -149.31
128.49          69.43           -154.03
129.01          69.50           -158.50
129.55          69.56           -162.71
130.08          69.60           -166.83
130.61          69.60           -171.02
131.15          69.55           -175.31
131.69          69.49           -179.61
132.23          69.45           176.11
132.78          69.43           171.79
133.32          69.44           167.35
133.87          69.43           162.87
134.42          69.40           158.59
134.97          69.33           154.69
135.53          69.24           151.10
136.09          69.13           147.55
136.65          69.01           143.80
137.21          68.87           139.82
137.77          68.74           135.73
138.34          68.62           131.72
138.91          68.51           127.95
139.48          68.38           124.42
140.05          68.24           121.12
140.63          68.07           118.00
141.21          67.88           115.03
141.79          67.66           112.13
142.37          67.45           109.23
142.96          67.26           106.28
143.55          67.09           103.37
144.14          66.92           100.64
144.73          66.74           98.23
145.32          66.54           96.04
145.92          66.31           93.90
146.52          66.05           91.74
147.13          65.79           89.62
147.73          65.55           87.60
148.34          65.33           85.62
148.95          65.14           83.64
149.56          64.95           81.68
150.18          64.75           79.87
150.79          64.53           78.22
151.41          64.31           76.52
152.04          64.08           74.52
152.66          63.85           72.23
153.29          63.61           69.81
153.92          63.39           67.50
154.55          63.21           65.47
155.19          63.03           63.85
155.83          62.82           62.57
156.47          62.60           61.38
157.11          62.39           60.03
157.76          62.21           58.48
158.41          62.06           56.91
159.06          61.93           55.52
159.71          61.82           54.49
160.37          61.71           53.92
161.03          61.59           53.65
161.69          61.49           53.40
162.36          61.43           53.11
163.03          61.41           52.89
163.70          61.40           52.80
164.37          61.35           52.75
165.05          61.29           52.65
165.72          61.28           52.43
166.41          61.31           52.10
167.09          61.33           51.69
167.78          61.33           51.27
168.47          61.31           50.84
169.16          61.29           50.38
169.86          61.25           49.77
170.56          61.22           48.89
171.26          61.22           47.63
171.96          61.26           46.33
172.67          61.31           45.63
173.38          61.39           45.31
174.09          61.69           43.88
174.81          62.31           40.75
175.53          62.80           37.65
176.25          62.98           35.93
176.97          63.05           34.92
177.70          63.12           33.71
178.43          63.17           32.35
179.17          63.22           30.94
179.90          63.29           29.35
180.64          63.42           27.55
181.39          63.53           25.77
182.13          63.57           24.41
182.88          63.58           23.39
183.63          63.58           21.82
184.39          63.56           19.39
185.15          63.41           17.66
185.91          63.02           17.71
186.67          62.64           17.89
187.44          62.49           16.50
188.21          62.42           14.12
188.99          62.36           11.77
189.76          62.33           9.70
190.55          62.33           7.85
191.33          62.27           6.09
192.12          62.14           4.26
192.91          62.03           2.20
193.70          62.01           -0.22
194.50          62.03           -2.95
195.30          62.07           -5.41
196.10          62.09           -7.01
196.91          62.07           -8.22
197.72          62.02           -9.83
198.53          62.00           -11.80
199.35          62.05           -13.70
200.17          62.08           -15.25
200.99          62.04           -16.36
201.82          61.92           -17.29
202.65          61.72           -18.69
203.48          61.51           -20.43
204.32          61.39           -21.54
205.16          61.34           -21.81
206.00          61.27           -21.62
206.85          61.14           -20.86
207.70          61.05           -19.84
208.55          61.08           -19.43
209.41          61.22           -19.40
210.27          61.40           -19.09
211.14          61.58           -18.92
212.01          61.78           -19.34
212.88          62.13           -20.00
213.75          62.57           -20.73
214.63          62.99           -21.61
215.52          63.38           -22.55
216.40          63.72           -23.69
217.29          63.99           -25.57
218.19          64.23           -28.07
219.08          64.48           -30.77
219.99          64.65           -34.08
220.89          64.75           -38.05
221.80          64.83           -41.90
222.71          64.89           -45.56
223.63          64.92           -49.45
224.55          64.94           -53.21
225.47          64.94           -56.60
226.40          64.86           -59.77
227.33          64.72           -62.57
228.26          64.58           -65.34
229.20          64.44           -68.25
230.15          64.29           -71.04
231.09          64.16           -73.41
232.04          64.04           -75.45
233.00          63.89           -77.75
233.96          63.83           -79.81
234.92          63.85           -81.46
235.88          63.80           -83.36
236.86          63.73           -85.20
237.83          63.69           -86.68
238.81          63.67           -88.20
239.79          63.62           -89.80
240.78          63.59           -91.66
241.77          63.66           -94.10
242.76          63.74           -96.32
243.76          63.82           -98.07
244.76          63.97           -99.93
245.77          64.13           -102.11
246.78          64.24           -104.47
247.80          64.32           -106.56
248.81          64.38           -109.02
249.84          64.42           -112.04
250.87          64.51           -114.72
251.90          64.60           -117.23
252.93          64.66           -120.59
253.97          64.69           -123.92
255.02          64.73           -126.56
256.07          64.73           -129.00
257.12          64.68           -131.68
258.18          64.66           -134.67
259.24          64.63           -137.71
260.31          64.53           -140.84
261.38          64.42           -143.90
262.45          64.35           -146.81
263.53          64.29           -149.86
264.62          64.21           -153.11
265.70          64.10           -155.68
266.80          63.96           -158.38
267.90          63.80           -161.73
269.00          63.67           -164.36
270.10          63.54           -166.76
271.21          63.40           -169.37
272.33          63.30           -171.80
273.45          63.18           -173.77
274.58          62.98           -175.44
275.70          62.78           -177.07
276.84          62.59           -178.50
277.98          62.38           -179.85
279.12          62.18           179.16
280.27          62.05           178.44
281.42          62.05           177.99
282.58          62.05           177.65
283.74          62.00           177.56
284.91          61.98           177.34
286.08          62.03           177.00
287.26          62.08           176.70
288.44          62.14           175.96
289.63          62.31           175.07
290.82          62.61           173.61
292.01          62.90           171.42
293.21          63.18           170.29
294.42          63.55           169.23
295.63          63.95           167.99
296.85          64.33           165.88
298.07          64.71           163.10
299.29          65.02           160.35
300.53          65.31           157.21
301.76          65.62           153.98
303.00          65.89           151.28
304.25          66.15           148.32
305.50          66.43           144.98
306.76          66.70           141.67
308.02          66.93           138.17
309.29          67.10           135.04
310.56          67.29           132.19
311.84          67.55           127.89
313.12          67.71           123.95
314.41          67.84           119.87
315.70          67.94           115.73
317.00          68.03           111.73
318.30          68.15           107.79
319.61          68.29           103.84
320.93          68.39           99.65
322.25          68.46           95.25
323.57          68.54           90.97
324.90          68.56           86.88
326.24          68.56           82.85
327.58          68.64           78.65
328.93          68.68           74.45
330.28          68.69           70.16
331.64          68.68           66.52
333.00          68.65           62.22
334.37          68.62           58.48
335.75          68.57           54.05
337.13          68.54           50.12
338.52          68.52           46.36
339.91          68.44           42.49
341.31          68.40           38.57
342.71          68.34           34.70
344.12          68.26           31.18
345.54          68.23           27.33
346.96          68.21           23.30
348.38          68.08           19.41
349.82          67.97           15.58
351.26          67.86           11.59
352.70          67.72           7.28
354.15          67.65           3.45
355.61          67.57           -0.84
357.07          67.54           -4.39
358.54          67.41           -8.18
360.02          67.28           -12.20
361.50          67.16           -16.17
362.98          67.02           -19.52
364.48          66.99           -23.31
365.98          66.90           -27.40
367.48          66.77           -31.33
368.99          66.67           -35.16
370.51          66.61           -38.14
372.03          66.51           -41.38
373.56          66.47           -44.27
375.10          66.42           -47.58
376.64          66.38           -50.67
378.19          66.28           -53.85
379.75          66.16           -56.74
381.31          66.11           -60.18
382.88          65.99           -63.21
384.45          65.93           -66.04
386.04          65.79           -69.70
387.62          65.63           -72.19
389.22          65.53           -75.27
390.82          65.45           -77.84
392.43          65.35           -80.65
394.04          65.26           -84.11
395.66          65.21           -87.45
397.29          65.10           -90.31
398.92          64.94           -93.55
400.56          64.85           -96.74
402.21          64.83           -99.82
403.87          64.85           -103.37
405.53          64.72           -106.24
407.20          64.67           -107.81
408.87          64.59           -111.60
410.55          64.66           -114.78
412.24          64.60           -118.70
413.94          64.57           -122.08
415.64          64.54           -125.94
417.35          64.50           -129.35
419.07          64.35           -132.65
420.79          64.30           -136.23
422.52          64.24           -140.65
424.26          64.21           -143.64
426.00          64.04           -147.09
427.76          63.94           -151.01
429.51          63.69           -154.81
431.28          63.67           -158.68
433.06          63.48           -163.90
434.84          63.41           -166.84
436.63          63.23           -170.02
438.42          63.18           -172.78
440.22          63.08           -175.87
442.04          63.01           -178.69
443.85          62.93           178.33
445.68          62.91           175.64
447.51          62.90           172.90
449.35          62.84           170.38
451.20          62.86           167.45
453.06          62.93           164.77
454.92          62.98           162.30
456.79          63.12           159.25
458.67          63.16           156.65
460.56          63.36           153.45
462.45          63.44           150.09
464.35          63.69           146.52
466.26          63.78           142.83
468.18          63.92           138.87
470.11          64.12           134.65
472.04          64.24           130.57
473.98          64.35           125.71
475.93          64.51           121.02
477.89          64.62           116.19
479.86          64.74           111.45
481.83          64.89           106.54
483.81          65.03           101.52
485.80          65.07           97.03
487.80          65.14           91.95
489.81          65.16           87.65
491.82          65.21           83.17
493.85          65.19           78.63
495.88          65.20           73.60
497.92          65.16           69.27
499.96          65.08           65.18
502.02          65.01           60.82
504.09          65.06           57.05
506.16          64.99           53.23
508.24          64.94           49.67
510.33          64.87           45.54
512.43          64.72           41.60
514.54          64.58           38.25
516.66          64.56           35.55
518.78          64.52           31.88
520.91          64.56           28.68
523.06          64.41           25.62
525.21          64.46           22.27
527.37          64.51           19.59
529.54          64.67           16.87
531.72          64.75           13.39
533.90          64.92           10.10
536.10          64.96           6.72
538.30          65.10           3.16
540.52          65.28           -0.83
542.74          65.55           -4.31
544.97          65.81           -8.00
547.22          66.09           -11.94
549.47          66.38           -16.86
551.73          66.64           -21.24
554.00          66.87           -26.52
556.28          67.22           -32.05
558.56          67.41           -37.25
560.86          67.59           -43.36
563.17          67.78           -49.58
565.48          67.91           -55.40
567.81          68.07           -61.06
570.15          68.18           -66.94
572.49          68.26           -72.87
574.85          68.40           -78.52
577.21          68.42           -84.65
579.59          68.46           -90.83
581.97          68.49           -97.09
584.36          68.45           -103.35
586.77          68.41           -109.17
589.18          68.33           -114.97
591.60          68.23           -120.67
594.04          68.18           -126.56
596.48          68.10           -132.19
598.93          67.99           -138.10
601.40          67.95           -143.50
603.87          67.85           -149.07
606.36          67.82           -154.96
608.85          67.82           -160.39
611.35          67.69           -165.73
613.87          67.63           -171.25
616.39          67.59           -176.43
618.93          67.53           178.08
621.47          67.60           172.87
624.03          67.60           167.71
626.60          67.64           162.11
629.18          67.68           156.57
631.76          67.74           150.92
634.36          67.84           145.55
636.97          67.92           140.15
639.59          67.96           134.11
642.22          68.02           128.13
644.86          68.12           121.99
647.52          68.19           115.45
650.18          68.30           108.71
652.85          68.38           102.31
655.54          68.41           95.85
658.24          68.42           88.88
660.94          68.37           81.85
663.66          68.30           74.66
666.39          68.25           67.58
669.13          68.15           60.52
671.89          67.98           54.02
674.65          67.76           47.42
677.42          67.57           40.71
680.21          67.36           34.57
683.01          67.11           29.02
685.82          66.80           23.70
688.64          66.47           19.29
691.47          66.15           15.48
694.32          65.83           11.53
697.17          65.64           6.90
700.04          65.55           3.34
702.92          65.53           0.19
705.81          65.70           -3.47
708.71          65.76           -6.73
711.63          65.97           -10.12
714.56          66.23           -13.80
717.50          66.63           -18.12
720.45          66.98           -21.98
723.41          67.31           -26.38
726.39          67.66           -31.70
729.37          67.98           -37.13
732.37          68.32           -43.53
735.39          68.63           -50.20
738.41          68.92           -57.29
741.45          69.13           -63.88
744.50          69.31           -70.69
747.56          69.48           -78.26
750.64          69.64           -85.52
753.72          69.84           -93.00
756.82          69.99           -100.53
759.94          70.14           -108.16
763.06          70.22           -115.51
766.20          70.30           -122.97
769.35          70.41           -130.67
772.52          70.53           -138.21
775.69          70.64           -145.62
778.89          70.72           -152.91
782.09          70.84           -160.65
785.31          70.92           -168.08
788.54          71.02           -175.76
791.78          71.13           176.29
795.04          71.25           168.19
798.31          71.36           160.13
801.59          71.43           152.04
804.89          71.47           143.78
808.20          71.49           135.45
811.52          71.56           127.22
814.86          71.61           118.81
818.21          71.62           110.43
821.58          71.60           102.04
824.96          71.61           93.72
828.35          71.61           85.45
831.76          71.56           77.47
835.18          71.50           69.21
838.62          71.45           60.98
842.06          71.40           52.91
845.53          71.33           45.29
849.01          71.26           37.76
852.50          71.20           30.17
856.01          71.19           22.41
859.53          71.18           14.80
863.06          71.15           7.13
866.61          71.14           -0.72
870.18          71.16           -8.28
873.76          71.18           -16.30
877.35          71.23           -24.46
880.96          71.23           -32.73
884.58          71.26           -41.10
888.22          71.28           -49.37
891.87          71.28           -57.71
895.54          71.27           -66.14
899.23          71.25           -74.90
902.93          71.22           -83.65
906.64          71.16           -92.41
910.37          71.09           -101.06
914.11          71.03           -109.63
917.87          70.95           -118.38
921.65          70.83           -127.21
925.44          70.71           -135.97
929.25          70.57           -144.62
933.07          70.41           -153.06
936.91          70.27           -161.28
940.76          70.13           -169.88
944.63          70.00           -178.23
948.52          69.87           173.49
952.42          69.75           165.29
956.33          69.62           157.18
960.27          69.50           148.83
964.22          69.41           140.91
968.18          69.31           132.80
972.17          69.22           124.42
976.17          69.17           116.37
980.18          69.17           108.26
984.21          69.11           100.18
988.26          69.07           92.53
992.33          69.06           84.27
996.41          69.01           76.18
1000.51         68.96           68.27
1004.62         69.03           60.07
1008.75         69.13           52.09
1012.90         69.19           43.71
1017.07         69.29           35.54
1021.25         69.37           27.39
1025.45         69.48           18.69
1029.67         69.60           10.27
1033.91         69.71           1.57
1038.16         69.81           -7.27
1042.43         69.94           -16.27
1046.72         70.07           -25.48
1051.02         70.21           -34.98
1055.35         70.32           -44.46
1059.69         70.45           -54.14
1064.05         70.58           -64.01
1068.42         70.64           -73.88
1072.82         70.68           -84.07
1077.23         70.72           -93.98
1081.66         70.76           -103.99
1086.11         70.83           -114.20
1090.58         70.86           -124.49
1095.06         70.90           -134.94
1099.57         70.94           -145.43
1104.09         70.98           -155.81
1108.63         70.99           -166.18
1113.19         70.98           -177.04
1117.77         70.95           171.90
1122.37         70.89           161.04
1126.99         70.84           150.19
1131.62         70.77           139.12
1136.28         70.68           127.77
1140.95         70.60           116.75
1145.64         70.48           105.35
1150.36         70.39           94.31
1155.09         70.21           83.63
1159.84         70.03           72.86
1164.61         69.86           62.16
1169.40         69.67           51.64
1174.21         69.47           41.05
1179.04         69.24           30.68
1183.89         69.06           20.55
1188.76         68.87           10.49
1193.65         68.67           0.74
1198.56         68.48           -9.12
1203.49         68.26           -18.79
1208.44         68.11           -27.95
1213.41         67.97           -37.42
1218.40         67.85           -46.61
1223.41         67.66           -56.07
1228.45         67.58           -65.96
1233.50         67.51           -75.89
1238.57         67.45           -85.97
1243.67         67.39           -95.71
1248.78         67.30           -105.32
1253.92         67.24           -115.33
1259.08         67.23           -124.96
1264.26         67.17           -134.82
1269.46         67.20           -144.77
1274.68         67.23           -154.77
1279.92         67.38           -164.81
1285.19         67.47           -175.00
1290.47         67.59           174.47
1295.78         67.77           163.88
1301.11         68.00           152.94
1306.46         68.20           142.11
1311.84         68.35           131.26
1317.23         68.55           120.17
1322.65         68.73           108.71
1328.09         68.87           96.87
1333.55         69.04           85.37
1339.04         69.17           73.61
1344.55         69.34           62.09
1350.08         69.48           50.23
1355.63         69.65           38.03
1361.21         69.80           25.97
1366.81         69.96           13.52
1372.43         70.13           1.14
1378.07         70.28           -11.44
1383.74         70.41           -24.11
1389.43         70.53           -37.03
1395.15         70.64           -50.07
1400.89         70.73           -63.13
1406.65         70.76           -76.07
1412.44         70.79           -89.26
1418.25         70.82           -102.40
1424.08         70.83           -115.62
1429.94         70.89           -128.85
1435.82         70.93           -142.16
1441.73         70.94           -155.63
1447.66         70.96           -169.23
1453.61         70.97           177.35
1459.59         70.94           163.75
1465.59         70.93           150.11
1471.62         70.92           136.39
1477.68         70.90           122.73
1483.75         70.91           109.29
1489.86         70.88           95.90
1495.98         70.86           82.27
1502.14         70.88           68.79
1508.32         70.87           55.14
1514.52         70.90           41.45
1520.75         70.87           27.40
1527.01         70.84           13.22
1533.29         70.79           -0.83
1539.59         70.70           -15.09
1545.93         70.60           -29.63
1552.29         70.49           -43.87
1558.67         70.34           -58.10
1565.08         70.15           -72.04
1571.52         69.95           -86.22
1577.98         69.72           -100.38
1584.47         69.52           -114.42
1590.99         69.39           -128.20
1597.54         69.21           -141.97
1604.11         69.10           -156.05
1610.71         68.96           -170.41
1617.33         68.79           175.17
1623.98         68.68           160.75
1630.66         68.53           146.62
1637.37         68.39           132.15
1644.11         68.25           118.14
1650.87         68.11           104.24
1657.66         67.96           90.86
1664.48         67.88           77.29
1671.32         67.86           63.61
1678.20         67.86           50.06
1685.10         67.83           36.03
1692.03         67.77           21.83
1698.99         67.77           7.40
1705.98         67.69           -6.70
1713.00         67.55           -20.90
1720.05         67.49           -34.95
1727.12         67.37           -48.82
1734.22         67.34           -63.02
1741.36         67.31           -76.49
1748.52         67.33           -90.58
1755.71         67.39           -105.17
1762.93         67.47           -120.09
1770.19         67.54           -135.33
1777.47         67.56           -150.25
1784.78         67.57           -165.77
1792.12         67.62           179.13
1799.49         67.63           163.75
1806.89         67.64           148.30
1814.33         67.66           132.60
1821.79         67.75           117.05
1829.28         67.74           101.48
1836.81         67.74           85.76
1844.36         67.75           70.12
1851.95         67.77           53.87
1859.57         67.78           37.64
1867.22         67.75           21.34
1874.90         67.67           4.95
1882.61         67.60           -10.92
1890.35         67.48           -26.72
1898.13         67.41           -42.51
1905.93         67.31           -57.94
1913.77         67.29           -73.67
1921.65         67.27           -88.91
1929.55         67.26           -104.31
1937.49         67.24           -120.00
1945.46         67.36           -136.15
1953.46         67.49           -152.16
1961.49         67.62           -168.61
1969.56         67.69           175.01
1977.66         67.79           158.73
1985.80         67.92           142.47
1993.97         68.05           125.84
2002.17         68.17           108.74
2010.40         68.36           91.58
2018.67         68.49           74.52
2026.98         68.64           56.70
2035.32         68.81           38.96
2043.69         68.92           20.70
2052.09         69.02           2.39
2060.53         69.09           -15.78
2069.01         69.11           -33.90
2077.52         69.11           -52.30
2086.07         69.11           -70.51
2094.65         69.12           -88.96
2103.26         69.12           -107.40
2111.91         69.14           -125.90
2120.60         69.13           -144.34
2129.32         69.14           -162.79
2138.08         69.11           178.64
2146.88         69.11           159.83
2155.71         69.04           141.32
2164.57         69.00           122.88
2173.48         68.96           104.46
2182.42         68.92           86.07
2191.40         68.88           67.63
2200.41         68.88           49.03
2209.46         68.88           30.66
2218.55         68.90           12.13
2227.67         68.94           -6.28
2236.84         68.96           -24.99
2246.04         69.00           -43.69
2255.28         69.10           -62.45
2264.55         69.19           -81.53
2273.87         69.30           -100.86
2283.22         69.38           -120.40
2292.61         69.49           -140.44
2302.04         69.53           -160.64
2311.51         69.56           178.92
2321.02         69.57           158.47
2330.57         69.61           138.17
2340.15         69.59           118.05
2349.78         69.54           97.70
2359.44         69.51           77.43
2369.15         69.50           57.29
2378.89         69.53           37.12
2388.68         69.53           16.87
2398.51         69.48           -3.58
2408.37         69.47           -24.17
2418.28         69.39           -44.58
2428.22         69.35           -65.10
2438.21         69.35           -85.18
2448.24         69.34           -105.46
2458.31         69.41           -125.79
2468.42         69.51           -146.18
2478.58         69.57           -167.13
2488.77         69.69           171.85
2499.01         69.83           150.65
2509.29         69.94           129.40
2519.61         70.01           107.67
2529.97         70.03           85.91
2540.38         70.02           64.15
2550.83         70.04           42.32
2561.32         70.05           20.49
2571.86         70.11           -1.54
2582.44         70.14           -23.48
2593.06         70.17           -46.10
2603.73         70.23           -68.57
2614.44         70.25           -91.17
2625.19         70.22           -114.03
2635.99         70.20           -136.80
2646.83         70.16           -159.44
2657.72         70.10           178.09
2668.65         70.04           155.52
2679.63         70.02           133.05
2690.65         70.04           110.43
2701.72         70.09           87.84
2712.83         70.16           65.06
2723.99         70.21           42.25
2735.19         70.27           19.01
2746.44         70.32           -4.33
2757.74         70.33           -27.82
2769.08         70.32           -51.33
2780.47         70.35           -74.83
2791.91         70.45           -98.53
2803.39         70.52           -122.12
2814.93         70.59           -145.83
2826.50         70.65           -170.09
2838.13         70.70           165.46
2849.80         70.76           140.78
2861.53         70.83           116.08
2873.30         70.90           91.03
2885.12         70.88           65.72
2896.98         70.85           40.29
2908.90         70.80           15.12
2920.87         70.74           -10.13
2932.88         70.73           -35.11
2944.94         70.71           -60.34
2957.06         70.67           -85.75
2969.22         70.58           -110.68
2981.43         70.52           -136.19
2993.70         70.47           -161.79
3006.01         70.43           172.74
3018.38         70.38           147.04
3030.79         70.33           121.31
3043.26         70.23           95.39
3055.78         70.13           69.45
3068.35         70.06           43.51
3080.97         69.99           17.63
3093.64         69.94           -8.25
3106.36         69.88           -34.11
3119.14         69.83           -59.94
3131.97         69.75           -85.83
3144.86         69.68           -111.71
3157.79         69.64           -137.91
3170.78         69.62           -163.91
3183.82         69.60           169.53
3196.92         69.59           142.85
3210.07         69.59           116.37
3223.27         69.56           89.67
3236.53         69.53           62.95
3249.84         69.50           36.04
3263.21         69.51           9.12
3276.63         69.56           -17.96
3290.11         69.59           -45.28
3303.64         69.61           -72.87
3317.23         69.63           -100.91
3330.88         69.60           -128.78
3344.58         69.57           -156.49
3358.34         69.54           175.66
3372.15         69.51           148.05
3386.02         69.57           120.54
3399.95         69.65           92.75
3413.93         69.74           64.45
3427.98         69.82           36.11
3442.08         69.90           7.50
3456.24         69.99           -21.08
3470.45         70.09           -49.80
3484.73         70.18           -78.71
3499.06         70.29           -107.81
3513.45         70.43           -137.03
3527.91         70.52           -166.24
3542.42         70.67           164.05
3556.99         70.81           134.19
3571.62         70.93           103.50
3586.31         71.02           72.36
3601.06         71.03           41.23
3615.87         71.01           10.11
3630.75         71.01           -21.12
3645.68         70.98           -52.23
3660.68         70.92           -83.26
3675.74         70.83           -114.32
3690.85         70.74           -145.31
3706.04         70.69           -176.25
3721.28         70.63           152.97
3736.59         70.61           122.06
3751.96         70.63           90.82
3767.39         70.61           59.67
3782.89         70.65           27.95
3798.45         70.71           -3.19
3814.07         70.75           -34.68
3829.76         70.84           -66.38
3845.51         70.87           -98.22
3861.33         70.90           -129.83
3877.21         70.99           -161.64
3893.16         71.12           166.12
3909.18         71.27           133.51
3925.26         71.43           100.48
3941.40         71.58           67.05
3957.61         71.71           33.11
3973.89         71.78           -0.86
3990.24         71.83           -34.92
4006.65         71.90           -69.17
4023.13         71.92           -103.20
4039.68         71.93           -137.40
4056.30         71.98           -171.70
4072.98         72.01           153.70
4089.73         72.06           118.96
4106.56         72.08           84.06
4123.45         72.11           49.09
4140.41         72.20           14.03
4157.44         72.25           -21.44
4174.54         72.29           -57.07
4191.71         72.26           -92.63
4208.95         72.23           -128.34
4226.27         72.24           -164.26
4243.65         72.22           159.80
4261.11         72.18           123.80
4278.63         72.14           87.56
4296.23         72.10           51.27
4313.91         72.07           14.74
4331.65         72.04           -21.92
4349.47         72.01           -58.58
4367.36         72.03           -95.64
4385.32         72.00           -132.94
4403.36         71.95           -170.28
4421.47         71.88           152.42
4439.66         71.84           115.03
4457.92         71.85           77.36
4476.26         71.83           39.76
4494.67         71.79           2.11
4513.16         71.78           -35.82
4531.72         71.77           -74.08
4550.36         71.78           -112.78
4569.08         71.78           -151.62
4587.87         71.73           169.69
4606.75         71.68           130.80
4625.70         71.69           91.74
4644.72         71.68           52.47
4663.83         71.64           12.71
4683.01         71.55           -26.92
4702.27         71.48           -66.84
4721.62         71.39           -106.67
4741.04         71.28           -146.74
4760.54         71.20           172.94
4780.12         71.07           132.42
4799.78         70.95           92.07
4819.52         70.86           51.57
4839.35         70.78           11.16
4859.25         70.71           -29.47
4879.24         70.68           -70.42
4899.31         70.67           -111.17
4919.46         70.61           -152.50
4939.70         70.55           166.14
4960.02         70.45           124.64
4980.42         70.36           82.92
5000.91         70.29           41.33
5021.48         70.18           -0.65
5042.13         70.08           -42.45
5062.87         69.98           -84.25
5083.70         69.98           -126.41
5104.61         69.93           -168.50
5125.60         69.95           149.30
5146.69         69.92           106.36
5167.86         69.91           63.19
5189.11         69.85           19.84
5210.46         69.76           -24.25
5231.89         69.68           -68.25
5253.41         69.53           -112.16
5275.02         69.47           -155.89
5296.72         69.45           160.47
5318.50         69.43           116.27
5340.38         69.43           71.91
5362.35         69.45           27.46
5384.41         69.48           -17.55
5406.55         69.51           -63.05
5428.79         69.52           -109.42
5451.12         69.43           -155.66
5473.54         69.35           158.48
5496.06         69.27           112.14
5518.67         69.16           66.02
5541.37         69.10           19.86
5564.16         69.03           -26.42
5587.05         68.99           -73.57
5610.03         68.92           -120.73
5633.10         68.84           -168.32
5656.28         68.80           143.82
5679.54         68.70           95.71
5702.90         68.59           47.31
5726.36         68.41           -0.77
5749.92         68.20           -48.56
5773.57         68.10           -96.70
5797.32         67.95           -144.85
5821.16         67.85           166.64
5845.11         67.79           118.08
5869.15         67.73           68.72
5893.29         67.59           19.64
5917.53         67.41           -29.96
5941.87         67.29           -79.20
5966.31         67.22           -129.08
5990.86         67.12           -179.31
6015.50         66.96           130.67
6040.24         66.81           80.73
6065.09         66.71           30.86
6090.03         66.65           -19.99
6115.08         66.52           -71.02
6140.24         66.41           -121.53
6165.49         66.39           -172.79
6190.86         66.27           135.50
6216.32         66.10           84.02
6241.89         65.97           32.82
6267.56         65.88           -19.18
6293.34         65.93           -71.52
6319.23         66.00           -124.43
6345.22         65.98           -177.82
6371.32         65.86           128.97
6397.53         65.79           75.96
6423.85         65.87           22.35
6450.27         65.91           -32.33
6476.80         65.90           -86.79
6503.44         65.90           -141.91
6530.19         65.81           161.96
6557.05         65.67           105.72
6584.03         65.57           50.62
6611.11         65.53           -5.63
6638.30         65.48           -62.94
6665.61         65.35           -120.37
6693.02         65.09           -177.39
6720.56         64.74           125.69
6748.20         64.51           69.99
6775.96         64.40           13.17
6803.83         64.38           -44.44
6831.81         64.19           -102.90
6859.92         63.84           -161.57
6888.13         63.63           140.08
6916.47         63.42           81.68
6944.92         63.31           22.44
6973.48         63.28           -37.38
7002.17         63.15           -98.90
7030.97         62.87           -161.80
7059.89         62.58           135.23
7088.93         62.27           71.23
7118.09         62.07           9.58
7147.37         61.92           -52.72
7176.77         61.65           -95.84
7206.29         61.35           -99.90
7235.93         60.87           -94.22
7265.69         60.37           -69.88
7295.58         60.10           0.70
7325.59         59.70           52.71
7355.72         59.11           123.31
7385.98         58.44           -165.15
7416.36         57.66           -115.14
7446.86         56.95           -68.94
7477.49         56.61           -18.55
7508.25         56.32           29.33
7539.13         56.31           78.24
7570.15         56.53           123.81
7601.28         56.66           168.80
7632.55         56.82           -167.26
7663.94         56.93           -165.21
7695.47         57.06           -165.18
7727.12         57.56           175.75
7758.91         58.08           108.83
7790.82         58.66           59.55
7822.87         59.07           -9.61
7855.05         59.44           -79.68
7887.36         59.64           -128.42
7919.80         59.81           -172.80
7952.38         59.89           140.35
7985.09         60.14           95.23
8017.93         60.38           50.03
8050.91         60.60           4.81
8084.03         60.97           -40.47
8117.28         61.15           -86.02
8150.67         61.36           -149.65
8184.20         61.52           139.29
8217.86         61.58           67.38
8251.66         61.56           -2.75
8285.60         61.56           -72.87
8319.68         61.54           -143.07
8353.91         61.56           146.37
8388.27         61.66           76.22
8422.77         61.93           5.07
8457.42         62.15           -67.32
8492.21         62.21           -139.10
8527.14         62.37           148.11
8562.21         62.50           74.44
8597.43         62.53           0.82
8632.79         62.77           -73.08
8668.30         62.84           -146.91
8703.96         62.90           138.39
8739.76         63.15           64.24
8775.71         63.28           -11.00
8811.81         63.43           -86.83
8848.05         63.60           -163.09
8884.45         63.82           121.09
8920.99         64.03           44.14
8957.69         64.05           -32.98
8994.54         64.12           -110.01
9031.53         64.32           171.85
9068.68         64.63           93.81
9105.98         64.91           15.38
9143.44         65.11           -63.64
9181.05         65.23           -142.93
9218.82         65.54           137.25
9256.74         65.84           56.78
9294.81         65.94           -23.55
9333.04         66.19           -104.18
9371.43         66.44           174.28
9409.98         66.73           93.00
9448.69         66.94           10.65
9487.55         67.11           -72.37
9526.58         67.34           -155.99
9565.76         67.64           120.30
9605.11         67.84           36.21
9644.62         67.91           -48.42
9684.29         68.04           -132.83
9724.13         68.27           142.75
9764.12         68.54           57.75
9804.29         68.65           -27.36
9844.61         68.79           -113.23
9885.11         69.03           161.03
9925.77         69.26           74.65
9966.60         69.40           -11.60
10007.59        69.63           -98.36
10048.76        69.85           174.98
10090.09        70.09           88.18
10131.59        70.30           0.94
10173.27        70.47           -87.09
10215.12        70.69           -174.62
10257.13        70.97           97.08
10299.32        71.13           8.48
10341.69        71.30           -80.51
10384.23        71.49           -169.54
10426.94        71.72           101.19
10469.83        71.92           11.44
10512.90        72.08           -79.32
10556.14        72.22           -170.05
10599.56        72.39           98.77
10643.16        72.50           7.57
10686.94        72.62           -84.04
10730.90        72.72           -175.59
10775.04        72.83           92.77
10819.36        72.94           0.45
10863.86        73.06           -92.56
10908.55        73.16           174.40
10953.42        73.25           80.99
10998.47        73.31           -12.93
11043.71        73.37           -107.10
11089.14        73.45           158.63
11134.75        73.53           64.08
11180.55        73.61           -31.06
11226.54        73.69           -126.36
11272.72        73.74           138.03
11319.09        73.79           42.18
11365.65        73.88           -54.03
11412.40        74.00           -151.03
11459.34        74.09           111.21
11506.48        74.13           13.27
11553.81        74.15           -84.93
11601.33        74.13           176.67
11649.05        74.16           77.79
11696.97        74.19           -21.47
11745.08        74.19           -121.26
11793.39        74.12           138.21
11841.90        74.01           37.48
11890.61        73.91           -63.40
11939.52        73.79           -164.48
11988.63        73.67           93.94
12037.95        73.54           -8.19
12087.46        73.34           -110.55
12137.18        73.08           147.18
12187.11        72.80           44.71
12237.24        72.58           -57.98
12287.57        72.34           -160.58
12338.12        72.11           96.01
12388.87        71.83           -7.68
12439.83        71.55           -111.41
12490.99        71.25           144.84
12542.37        71.01           41.10
12593.96        70.85           -62.75
12645.77        70.72           -166.93
12697.78        70.61           87.83
12750.01        70.49           -17.90
12802.46        70.35           -123.59
12855.12        70.20           130.16
12908.00        70.12           23.25
12961.09        70.10           -83.90
13014.40        70.01           168.81
13067.94        69.94           60.47
13121.69        69.90           -47.71
13175.66        69.84           -155.98
13229.86        69.77           94.93
13284.28        69.69           -14.16
13338.92        69.68           -123.33
13393.79        69.70           126.45
13448.88        69.79           15.71
13504.20        69.89           -95.05
13559.75        70.00           153.65
13615.52        70.23           41.51
13671.53        70.51           -70.92
13727.76        70.78           175.76
13784.23        71.12           61.58
13840.93        71.47           -53.38
13897.86        71.70           -169.05
13955.03        71.93           74.15
14012.43        72.14           -43.43
14070.06        72.33           -161.37
14127.94        72.54           79.26
14186.05        72.70           -41.49
14244.40        72.77           -162.49
14303.00        72.76           76.07
14361.83        72.71           -45.64
14420.90        72.67           -167.62
14480.22        72.58           69.85
14539.78        72.47           -53.11
14599.59        72.30           -176.48
14659.64        72.07           60.56
14719.94        71.77           -63.04
14780.49        71.54           173.02
14841.29        71.29           49.29
14902.33        71.04           -74.91
14963.63        70.81           160.49
15025.18        70.52           35.87
15086.98        70.20           -88.99
15149.04        69.94           145.63
15211.35        69.75           20.46
15273.92        69.61           -105.88
15336.75        69.51           127.16
15399.83        69.37           -0.04
15463.18        69.20           -127.87
15526.78        69.17           103.89
15590.65        69.10           -25.37
15654.78        69.13           -155.22
15719.17        69.13           74.69
15783.83        69.10           -56.54
15848.75        69.12           171.68
15913.95        69.06           39.46
15979.40        69.02           -93.67
16045.13        69.09           132.93
16111.13        69.12           -0.95
16177.40        69.11           -136.24
16243.95        69.13           88.59
16310.76        69.05           -47.29
16377.85        69.02           175.97
16445.22        68.98           39.05
16512.87        68.88           -98.30
16580.79        68.80           123.68
16648.99        68.67           -14.74
16717.47        68.55           -153.61
16786.23        68.46           67.26
16855.28        68.35           -72.54
16924.61        68.35           146.93
16994.23        68.32           5.96
17064.13        68.30           -135.91
17134.32        68.23           82.05
17204.80        68.23           -60.85
17275.57        68.28           155.67
17346.63        68.31           11.02
17417.98        68.44           -133.60
17489.63        68.48           80.71
17561.57        68.55           -65.90
17633.80        68.58           146.60
17706.34        68.67           -1.49
17779.17        68.80           -150.31
17852.30        68.89           59.81
17925.73        68.99           -90.93
17999.47        69.02           117.70
18073.50        69.05           -34.65
18147.85        69.01           172.37
18222.49        69.03           18.39
18297.45        69.03           -135.56
18372.71        68.93           69.26
18448.29        68.92           -85.82
18524.17        68.78           117.54
18600.36        68.71           -39.80
18676.87        68.59           162.93
18753.70        68.48           4.88
18830.84        68.35           -153.47
18908.29        68.16           46.81
18986.07        67.99           -113.57
19064.17        67.79           85.92
19142.58        67.59           -75.57
19221.32        67.36           122.37
19300.38        67.21           -40.12
19379.77        67.01           156.75
19459.49        66.80           -7.66
19539.53        66.61           -172.42
19619.90        66.35           21.68
19700.61        66.16           -144.21
19781.64        65.98           49.02
19863.01        65.75           -118.79
19944.71        65.60           72.88
20026.75        65.41           -84.08
20109.13        65.19           126.59
20191.84        64.98           -45.36
20274.90        64.78           113.69
20358.29        64.57           -97.07
20442.04        64.43           100.69
20526.12        64.19           -24.70
20610.55        64.04           -106.54
20695.33        63.79           174.86
20780.45        63.67           94.53
20865.93        63.45           -27.21
20951.76        63.23           -179.13
21037.94        63.02           55.81
21124.47        62.90           -52.09
21211.37        62.69           -160.90
21298.62        62.57           76.99
21386.22        62.45           -62.83
21474.19        62.44           171.96
21562.52        62.44           64.38
21651.22        62.49           -21.20
21740.28        62.46           -140.86
21829.70        62.47           58.98
21919.49        62.52           -160.01
22009.65        62.48           -27.25
22100.19        62.35           79.86
22191.09        62.31           -166.19
22282.37        62.29           -19.15
22374.03        62.21           128.27
22466.06        62.08           -128.76
22558.47        61.92           -43.15
22651.26        61.78           28.37
22744.43        61.67           69.38
22837.98        61.42           29.48
22931.92        61.12           -45.25
23026.25        60.87           -108.90
23120.96        60.78           -117.07
23216.07        60.66           -60.43
23311.56        60.46           12.27
23407.45        60.39           78.88
23503.73        60.28           144.48
23600.41        60.22           151.19
23697.49        60.17           119.48
23794.96        60.13           130.84
23892.84        60.12           -127.60
23991.12        60.13           -42.61
24089.80        60.08           -6.52
24188.89        60.04           -16.07
24288.39        60.07           100.40
24388.29        60.16           -22.15
24488.61        60.22           -102.62
24589.34        60.23           135.41
24690.48        60.24           -10.71
24792.04        60.21           -142.12
24894.02        60.34           43.18
24996.42        60.44           -89.23
25099.24        60.43           -106.77
25202.48        60.34           -126.30
25306.14        60.45           165.80
25410.23        60.51           -23.48
25514.75        60.56           156.60
25619.71        60.58           18.26
25725.09        60.65           -36.51
25830.90        60.70           -134.07
25937.15        60.66           -19.67
26043.84        60.66           -76.76
26150.97        60.60           -171.56
26258.53        60.59           45.00
26366.54        60.61           -121.20
26475.00        60.52           96.48
26583.90        60.53           -137.60
26693.24        60.63           -35.93
26803.04        60.66           157.27
26913.29        60.60           68.22
27023.99        60.58           52.42
27135.15        60.65           35.45
27246.77        60.67           18.13
27358.84        60.64           132.58
27471.38        60.65           -1.91
27584.38        60.69           27.48
27697.84        60.74           -155.29
27811.77        60.81           29.17
27926.17        60.84           -119.65
28041.04        60.87           64.64
28156.38        60.87           -151.73
28272.19        60.87           49.94
28388.49        60.86           -79.58
28505.26        60.94           95.39
28622.51        61.00           -159.70
28740.24        61.08           -88.83
28858.46        61.07           -0.76
28977.16        61.15           111.22
29096.36        61.27           98.32
29216.04        61.28           -111.56
29336.21        61.34           -62.30
29456.88        61.37           -25.28
29578.05        61.36           -9.94
29699.71        61.44           103.86
29821.88        61.57           -84.35
29944.54        61.55           -136.54
30067.71        61.59           -134.58
30191.39        61.56           -157.96
30315.58        61.62           -150.95
30440.28        61.61           164.01
30565.49        61.57           -161.71
30691.21        61.59           -91.32
30817.46        61.58           -53.05
30944.22        61.53           -24.98
31071.50        61.54           120.06
31199.31        61.59           -131.72
31327.64        61.59           -22.92
31456.50        61.65           128.26
31585.89        61.66           -159.39
31715.81        61.62           -63.65
31846.27        61.72           -60.19
31977.26        61.72           -108.88
32108.80        61.81           -173.60
32240.87        61.80           80.48
32373.49        61.83           -32.77
32506.65        61.89           177.67
32640.36        61.93           -8.44
32774.62        61.90           132.06
32909.43        61.90           -45.93
33044.80        61.91           -140.08
33180.72        61.89           -6.13
33317.21        61.89           115.31
33454.25        61.85           148.13
33591.86        61.86           127.64
33730.04        61.86           -10.43
33868.78        61.88           -114.30
34008.09        61.94           -172.27
34147.98        62.00           93.84
34288.44        62.02           -13.83
34429.48        62.04           -89.59
34571.10        62.06           145.31
34713.30        62.04           -28.64
34856.09        62.13           -147.84
34999.46        62.24           103.88
35143.43        62.26           -116.07
35287.98        62.33           -121.05
35433.13        62.38           -65.39
35578.88        62.43           33.94
35725.23        62.41           122.61
35872.18        62.42           -82.63
36019.73        62.47           149.48
36167.89        62.48           -39.29
36316.66        62.48           110.41
36466.04        62.52           -100.13
36616.04        62.63           -7.19
36766.65        62.63           66.77
36917.89        62.78           106.07
37069.74        62.83           127.86
37222.22        62.78           88.65
37375.33        62.86           130.98
37529.07        62.93           -137.54
37683.43        63.00           -128.70
37838.44        63.07           -37.36
37994.08        63.17           82.81
38150.36        63.20           -152.45
38307.29        63.20           -56.02
38464.86        63.20           110.27
38623.07        63.25           61.04
38781.94        63.26           72.40
38941.46        63.19           176.12
39101.64        63.21           -55.77
39262.48        63.19           118.62
39423.98        63.17           3.11
39586.14        63.24           -105.06
39748.98        63.31           10.80
39912.48        63.24           46.56
40076.65        63.29           150.07
40241.50        63.30           -136.63
40407.02        63.25           -16.72
40573.23        63.34           61.24
40740.12        63.38           44.67
40907.70        63.39           21.23
41075.96        63.43           -31.08
41244.92        63.50           -159.10
41414.57        63.53           -25.65
41584.93        63.65           57.67
41755.98        63.68           177.95
41927.73        63.77           -88.30
42100.19        63.89           -30.18
42273.36        63.95           76.10
42447.25        64.05           136.76
42621.84        64.13           122.52
42797.16        64.25           -18.20
42973.20        64.37           94.30
43149.96        64.46           -77.41
43327.45        64.57           -136.77
43505.67        64.67           -43.48
43684.62        64.71           -26.99
43864.31        64.75           -2.21
44044.74        64.88           60.06
44225.91        64.91           -174.70
44407.82        65.00           -65.32
44590.49        65.06           -27.89
