Freq[Hz]        [dBSPL]         Phase[Deg]
10.00           107.53          -123.26
10.04           107.50          -124.16
10.08           107.47          -125.13
10.12           107.44          -126.17
10.17           107.41          -127.27
10.21           107.37          -128.42
10.25           107.34          -129.64
10.29           107.30          -130.91
10.33           107.23          -133.13
10.38           107.16          -135.52
10.42           107.08          -138.06
10.46           106.99          -140.76
10.50           106.89          -143.60
10.55           106.79          -146.58
10.59           106.69          -149.67
10.64           106.57          -152.86
10.68           106.46          -156.13
10.72           106.33          -159.47
10.77           106.21          -162.85
10.81           106.07          -166.27
10.86           105.94          -169.69
10.90           105.80          -173.11
10.95           105.65          -176.50
10.99           105.50          -179.83
11.04           105.35          176.90
11.08           105.20          173.72
11.13           105.05          170.66
11.17           104.89          167.74
11.22           104.73          164.97
11.26           104.58          162.39
11.31           104.42          160.01
11.36           104.26          157.86
11.40           104.10          155.97
11.45           103.95          154.36
11.50           103.79          153.05
11.55           103.64          152.07
11.59           103.50          151.43
11.64           103.35          151.16
11.69           103.21          151.25
11.74           103.07          151.73
11.78           102.94          152.61
11.83           102.81          153.88
11.88           102.69          155.57
11.93           102.58          157.66
11.98           102.47          160.16
12.03           102.36          163.07
12.08           102.27          166.37
12.13           102.18          170.07
12.18           102.10          174.15
12.23           102.03          178.59
12.28           101.97          -176.60
12.33           101.91          -171.45
12.38           101.87          -165.97
12.43           101.83          -160.17
12.48           101.81          -154.05
12.53           101.79          -147.64
12.58           101.79          -140.95
12.64           101.80          -133.99
12.69           101.82          -126.77
12.74           101.85          -119.32
12.79           101.89          -111.64
12.85           101.95          -103.75
12.90           102.02          -95.67
12.95           102.10          -87.42
13.00           102.19          -79.01
13.06           102.30          -70.46
13.11           102.42          -61.80
13.17           102.55          -53.05
13.22           102.69          -44.23
13.27           102.84          -35.37
13.33           103.00          -26.50
13.38           103.15          -17.64
13.44           103.31          -8.82
13.49           103.47          -0.08
13.55           103.62          8.56
13.61           103.77          17.05
13.66           103.90          25.36
13.72           104.03          33.46
13.77           104.13          41.30
13.83           104.22          48.85
13.89           104.29          56.07
13.94           104.34          62.91
14.00           104.35          69.34
14.06           104.34          75.31
14.12           104.30          80.78
14.18           104.23          85.70
14.23           104.12          90.03
14.29           103.97          93.72
14.35           103.79          96.74
14.41           103.56          99.04
14.47           103.30          100.62
14.53           102.98          101.44
14.59           102.63          101.52
14.65           102.23          100.83
14.71           101.78          99.40
14.77           101.29          97.25
14.83           100.75          94.40
14.89           100.15          90.89
14.95           99.51           86.77
15.01           98.81           82.09
15.08           98.06           76.92
15.14           97.27           71.34
15.20           96.43           65.43
15.26           95.55           59.29
15.33           94.64           53.00
15.39           93.71           46.66
15.45           92.76           40.37
15.52           91.80           34.23
15.58           90.84           28.33
15.64           89.89           22.79
15.71           88.97           17.70
15.77           88.08           13.16
15.84           87.23           9.27
15.90           86.46           6.09
15.97           85.76           3.69
16.03           85.15           2.11
16.10           84.66           1.38
16.17           84.29           1.53
16.23           84.04           2.55
16.30           83.93           4.45
16.37           83.94           7.20
16.43           84.08           10.75
16.50           84.32           15.06
16.57           84.64           20.05
16.64           85.05           25.64
16.70           85.51           31.72
16.77           86.01           38.18
16.84           86.54           44.91
16.91           87.08           51.80
16.98           87.62           58.72
17.05           88.16           65.55
17.12           88.67           72.18
17.19           89.16           78.48
17.26           89.61           84.34
17.33           90.03           89.66
17.40           90.41           94.36
17.48           90.74           98.35
17.55           91.03           101.59
17.62           91.29           104.01
17.69           91.50           105.57
17.77           91.66           106.25
17.84           91.79           106.03
17.91           91.88           104.92
17.99           91.92           102.92
18.06           91.92           100.06
18.13           91.89           96.39
18.21           91.81           91.95
18.28           91.70           86.81
18.36           91.56           81.03
18.43           91.39           74.69
18.51           91.19           67.84
18.59           90.96           60.56
18.66           90.72           52.91
18.74           90.46           44.95
18.82           90.19           36.74
18.89           89.91           28.34
18.97           89.63           19.78
19.05           89.34           11.12
19.13           89.06           2.40
19.21           88.78           -6.36
19.29           88.50           -15.11
19.37           88.23           -23.84
19.44           87.97           -32.52
19.52           87.72           -41.14
19.61           87.47           -49.69
19.69           87.23           -58.17
19.77           87.00           -66.57
19.85           86.76           -74.90
19.93           86.52           -83.16
20.01           86.28           -91.34
20.09           86.03           -99.45
20.18           85.77           -107.48
20.26           85.51           -115.43
20.34           85.23           -123.27
20.43           84.95           -131.02
20.51           84.65           -138.63
20.59           84.33           -146.11
20.68           84.01           -153.42
20.76           83.67           -160.54
20.85           83.31           -167.44
20.94           82.94           -174.09
21.02           82.56           179.54
21.11           82.17           173.49
21.20           81.77           167.80
21.28           81.37           162.53
21.37           80.96           157.71
21.46           80.55           153.39
21.55           80.15           149.61
21.63           79.75           146.40
21.72           79.37           143.78
21.81           79.00           141.79
21.90           78.65           140.42
21.99           78.32           139.69
22.08           78.01           139.59
22.17           77.73           140.11
22.27           77.47           141.24
22.36           77.25           142.94
22.45           77.05           145.18
22.54           76.89           147.92
22.63           76.76           151.12
22.73           76.66           154.70
22.82           76.59           158.60
22.91           76.55           162.76
23.01           76.54           167.10
23.10           76.55           171.58
23.20           76.59           176.13
23.29           76.66           -179.31
23.39           76.74           -174.78
23.49           76.84           -170.34
23.58           76.95           -166.04
23.68           77.08           -161.91
23.78           77.21           -158.00
23.87           77.34           -154.35
23.97           77.47           -150.98
24.07           77.60           -147.93
24.17           77.71           -145.22
24.27           77.82           -142.87
24.37           77.90           -140.90
24.47           77.97           -139.32
24.57           78.01           -138.12
24.67           78.04           -137.29
24.77           78.04           -136.81
24.88           78.03           -136.67
24.98           77.99           -136.82
25.08           77.94           -137.21
25.18           77.88           -137.80
25.29           77.80           -138.53
25.39           77.71           -139.31
25.50           77.63           -140.08
25.60           77.56           -140.72
25.71           77.51           -141.15
25.81           77.49           -141.27
25.92           77.51           -141.00
26.02           77.60           -140.27
26.13           77.74           -139.05
26.24           77.95           -137.31
26.35           78.21           -135.06
26.45           78.53           -132.32
26.56           78.87           -129.12
26.67           79.23           -125.54
26.78           79.59           -121.65
26.89           79.92           -117.58
27.00           80.21           -113.45
27.11           80.46           -109.43
27.23           80.64           -105.67
27.34           80.76           -102.33
27.45           80.81           -99.54
27.56           80.82           -97.40
27.68           80.76           -95.98
27.79           80.65           -95.32
27.90           80.49           -95.43
28.02           80.26           -96.27
28.14           79.97           -97.80
28.25           79.61           -99.92
28.37           79.17           -102.50
28.48           78.66           -105.38
28.60           78.08           -108.36
28.72           77.44           -111.24
28.84           76.78           -113.84
28.96           76.15           -115.98
29.07           75.60           -117.53
29.19           75.20           -118.39
29.31           74.98           -118.47
29.43           74.96           -117.77
29.56           75.12           -116.29
29.68           75.39           -114.07
29.80           75.73           -111.20
29.92           76.06           -107.82
30.04           76.34           -104.09
30.17           76.56           -100.17
30.29           76.71           -96.26
30.42           76.79           -92.53
30.54           76.81           -89.15
30.67           76.77           -86.25
30.79           76.68           -83.94
30.92           76.53           -82.28
31.05           76.31           -81.32
31.18           76.02           -81.07
31.30           75.63           -81.50
31.43           75.13           -82.57
31.56           74.49           -84.18
31.69           73.71           -86.24
31.82           72.79           -88.62
31.95           71.74           -91.18
32.08           70.60           -93.77
32.22           69.41           -96.27
32.35           68.23           -98.55
32.48           67.11           -100.50
32.62           66.12           -102.01
32.75           65.30           -102.98
32.88           64.68           -103.32
33.02           64.25           -102.95
33.16           64.01           -101.81
33.29           63.90           -99.83
33.43           63.90           -96.97
33.57           63.96           -93.19
33.70           64.06           -88.45
33.84           64.19           -82.71
33.98           64.31           -75.92
34.12           64.42           -68.06
34.26           64.51           -59.08
34.40           64.56           -48.99
34.54           64.58           -37.81
34.69           64.56           -25.61
34.83           64.50           -12.49
34.97           64.40           1.41
35.12           64.27           15.90
35.26           64.10           30.76
35.41           63.91           45.74
35.55           63.68           60.52
35.70           63.44           74.76
35.84           63.19           88.16
35.99           62.95           100.43
36.14           62.75           111.34
36.29           62.61           120.69
36.44           62.57           128.34
36.59           62.65           134.22
36.74           62.85           138.34
36.89           63.17           140.79
37.04           63.58           141.75
37.19           64.05           141.47
37.35           64.53           140.22
37.50           65.02           138.27
37.65           65.47           135.90
37.81           65.90           133.41
37.97           66.28           131.10
38.12           66.61           129.23
38.28           66.90           127.97
38.44           67.13           127.43
38.59           67.32           127.64
38.75           67.46           128.58
38.91           67.55           130.21
39.07           67.59           132.44
39.23           67.59           135.12
39.39           67.54           138.09
39.56           67.46           141.14
39.72           67.36           144.12
39.88           67.23           146.89
40.05           67.11           149.36
40.21           67.01           151.46
40.38           66.94           153.14
40.54           66.92           154.40
40.71           66.98           155.23
40.88           67.11           155.66
41.04           67.31           155.76
41.21           67.56           155.56
41.38           67.84           155.09
41.55           68.14           154.38
41.72           68.42           153.46
41.90           68.68           152.34
42.07           68.90           151.05
42.24           69.10           149.60
42.42           69.26           148.02
42.59           69.39           146.33
42.76           69.49           144.56
42.94           69.56           142.74
43.12           69.59           140.93
43.29           69.59           139.13
43.47           69.55           137.38
43.65           69.48           135.68
43.83           69.38           134.04
44.01           69.26           132.45
44.19           69.12           130.90
44.37           68.99           129.36
44.56           68.86           127.79
44.74           68.76           126.16
44.92           68.67           124.46
45.11           68.61           122.65
45.29           68.57           120.71
45.48           68.56           118.63
45.67           68.57           116.39
45.86           68.61           114.00
46.04           68.66           111.48
46.23           68.73           108.83
46.42           68.83           106.08
46.61           68.93           103.28
46.81           69.05           100.47
47.00           69.18           97.70
47.19           69.31           95.02
47.39           69.44           92.47
47.58           69.58           90.10
47.78           69.70           87.91
47.97           69.83           85.93
48.17           69.94           84.15
48.37           70.05           82.55
48.57           70.16           81.12
48.77           70.26           79.82
48.97           70.35           78.64
49.17           70.44           77.53
49.37           70.51           76.48
49.58           70.57           75.46
49.78           70.61           74.45
49.98           70.63           73.44
50.19           70.63           72.40
50.40           70.61           71.34
50.60           70.57           70.25
50.81           70.51           69.13
51.02           70.45           68.02
51.23           70.38           66.91
51.44           70.31           65.85
51.65           70.25           64.84
51.86           70.20           63.90
52.08           70.16           63.02
52.29           70.15           62.20
52.51           70.16           61.41
52.72           70.19           60.62
52.94           70.25           59.80
53.16           70.32           58.94
53.38           70.43           58.01
53.60           70.56           56.99
53.82           70.72           55.88
54.04           70.91           54.67
54.26           71.14           53.35
54.48           71.41           51.91
54.71           71.71           50.33
54.93           72.03           48.59
55.16           72.37           46.68
55.39           72.68           44.60
55.61           72.96           42.36
55.84           73.18           39.99
56.07           73.35           37.53
56.30           73.47           35.06
56.53           73.55           32.65
56.77           73.61           30.39
57.00           73.66           28.37
57.23           73.72           26.67
57.47           73.80           25.34
57.71           73.90           24.36
57.94           74.02           23.69
58.18           74.13           23.27
58.42           74.23           22.99
58.66           74.28           22.72
58.90           74.29           22.38
59.15           74.25           21.92
59.39           74.21           21.30
59.63           74.16           20.53
59.88           74.13           19.61
60.12           74.12           18.56
60.37           74.14           17.36
60.62           74.18           15.96
60.87           74.22           14.32
61.12           74.25           12.39
61.37           74.27           10.17
61.62           74.26           7.67
61.88           74.22           4.96
62.13           74.18           2.14
62.39           74.17           -0.66
62.64           74.21           -3.34
62.90           74.31           -5.80
63.16           74.47           -8.00
63.42           74.69           -9.95
63.68           74.94           -11.68
63.94           75.21           -13.26
64.21           75.47           -14.74
64.47           75.72           -16.19
64.74           75.95           -17.64
65.00           76.15           -19.11
65.27           76.33           -20.62
65.54           76.51           -22.19
65.81           76.68           -23.81
66.08           76.86           -25.52
66.35           77.04           -27.35
66.62           77.22           -29.31
66.90           77.39           -31.46
67.17           77.54           -33.80
67.45           77.67           -36.37
67.73           77.79           -39.17
68.00           77.89           -42.17
68.28           77.98           -45.37
68.56           78.08           -48.74
68.85           78.20           -52.24
69.13           78.33           -55.85
69.41           78.47           -59.54
69.70           78.61           -63.29
69.99           78.73           -67.09
70.27           78.82           -70.90
70.56           78.87           -74.71
70.85           78.90           -78.49
71.14           78.92           -82.21
71.44           78.94           -85.87
71.73           78.97           -89.44
72.03           79.02           -92.93
72.32           79.07           -96.37
72.62           79.12           -99.80
72.92           79.14           -103.25
73.22           79.10           -106.78
73.52           79.01           -110.40
73.82           78.86           -114.15
74.13           78.67           -118.01
74.43           78.46           -121.98
74.74           78.24           -126.03
75.04           78.01           -130.12
75.35           77.78           -134.20
75.66           77.55           -138.21
75.97           77.28           -142.08
76.29           76.98           -145.78
76.60           76.62           -149.26
76.92           76.20           -152.52
77.23           75.72           -155.52
77.55           75.22           -158.24
77.87           74.73           -160.65
78.19           74.25           -162.72
78.51           73.82           -164.44
78.83           73.43           -165.79
79.16           73.07           -166.81
79.48           72.73           -167.53
79.81           72.39           -168.02
80.14           72.04           -168.38
80.47           71.66           -168.74
80.80           71.25           -169.22
81.13           70.78           -169.95
81.47           70.26           -171.03
81.80           69.71           -172.48
82.14           69.16           -174.23
82.47           68.64           -176.12
82.81           68.18           -177.93
83.15           67.79           -179.50
83.50           67.48           179.30
83.84           67.24           178.47
84.19           67.07           177.96
84.53           66.98           177.74
84.88           66.95           177.77
85.23           66.97           178.06
85.58           67.01           178.67
85.93           67.04           179.67
86.28           67.05           -178.89
86.64           67.04           -176.99
87.00           66.99           -174.71
87.35           66.91           -172.20
87.71           66.81           -169.66
88.07           66.70           -167.33
88.44           66.61           -165.39
88.80           66.57           -163.94
89.16           66.59           -163.06
89.53           66.66           -162.82
89.90           66.70           -163.31
90.27           66.68           -164.57
90.64           66.61           -166.53
91.01           66.51           -168.99
91.39           66.44           -171.61
91.76           66.41           -174.12
92.14           66.41           -176.41
92.52           66.44           -178.55
92.90           66.47           179.24
93.28           66.47           176.81
93.67           66.44           174.13
94.05           66.36           171.30
94.44           66.23           168.50
94.83           66.02           165.88
95.22           65.77           163.52
95.61           65.54           161.46
96.00           65.37           159.68
96.40           65.28           158.12
96.79           65.26           156.67
97.19           65.27           155.17
97.59           65.32           153.45
97.99           65.35           151.39
98.40           65.36           148.97
98.80           65.32           146.26
99.21           65.26           143.35
99.62           65.20           140.24
100.03          65.17           136.90
100.44          65.18           133.25
100.85          65.23           129.33
101.26          65.30           125.36
101.68          65.34           121.61
102.10          65.34           118.27
102.52          65.31           115.32
102.94          65.24           112.57
103.36          65.14           109.70
103.79          65.01           106.43
104.22          64.88           102.62
104.65          64.81           98.37
105.08          64.83           94.00
105.51          64.89           89.96
105.94          64.93           86.60
106.38          64.92           83.97
106.82          64.82           81.82
107.25          64.66           79.69
107.70          64.47           77.22
108.14          64.33           74.24
108.58          64.23           70.76
109.03          64.17           66.85
109.48          64.12           62.55
109.93          64.12           57.86
110.38          64.15           52.87
110.84          64.24           47.84
111.29          64.38           43.03
111.75          64.57           38.49
112.21          64.77           33.86
112.67          64.91           28.63
113.13          64.96           22.52
113.60          64.96           15.66
114.07          64.92           8.51
114.54          64.89           1.48
115.01          64.94           -5.35
115.48          65.12           -12.21
115.95          65.42           -19.28
116.43          65.76           -26.50
116.91          66.07           -33.53
117.39          66.31           -40.06
117.87          66.46           -46.10
118.36          66.54           -51.98
118.85          66.57           -58.03
119.33          66.60           -64.32
119.83          66.73           -70.63
120.32          67.00           -76.67
120.81          67.36           -82.32
121.31          67.74           -87.62
121.81          68.08           -92.71
122.31          68.34           -97.66
122.81          68.51           -102.48
123.32          68.59           -107.12
123.83          68.64           -111.67
124.34          68.69           -116.33
124.85          68.79           -121.29
125.36          68.94           -126.52
125.88          69.12           -131.79
126.39          69.32           -136.81
126.91          69.51           -141.40
127.44          69.67           -145.55
127.96          69.77           -149.45
128.49          69.80           -153.39
129.01          69.79           -157.65
129.55          69.75           -162.28
130.08          69.74           -167.14
130.61          69.76           -171.96
131.15          69.82           -176.55
131.69          69.89           179.20
132.23          69.95           175.28
132.78          69.95           171.59
133.32          69.90           167.98
133.87          69.80           164.29
134.42          69.69           160.42
134.97          69.56           156.29
135.53          69.44           151.95
136.09          69.31           147.58
136.65          69.19           143.46
137.21          69.08           139.80
137.77          68.96           136.55
138.34          68.82           133.46
138.91          68.63           130.27
139.48          68.39           126.80
140.05          68.15           123.02
140.63          67.93           119.05
141.21          67.75           115.20
141.79          67.59           111.75
142.37          67.43           108.71
142.96          67.23           105.90
143.55          66.97           103.15
144.14          66.69           100.34
144.73          66.41           97.42
145.32          66.17           94.48
145.92          65.98           91.65
146.52          65.84           88.95
147.13          65.69           86.35
147.73          65.52           83.82
148.34          65.34           81.37
148.95          65.11           79.01
149.56          64.86           76.73
150.18          64.62           74.51
150.79          64.43           72.35
151.41          64.24           70.46
152.04          64.06           69.03
152.66          63.90           68.01
153.29          63.77           67.16
153.92          63.64           66.20
154.55          63.45           64.88
155.19          63.17           63.22
155.83          62.84           61.63
156.47          62.62           60.48
157.11          62.54           59.90
157.76          62.50           59.79
158.41          62.41           59.92
159.06          62.24           60.02
159.71          62.02           59.84
160.37          61.82           59.29
161.03          61.74           58.46
161.69          61.72           57.62
162.36          61.67           57.04
163.03          61.55           56.84
163.70          61.42           56.78
164.37          61.37           56.38
165.05          61.41           55.61
165.72          61.45           54.98
166.41          61.42           54.73
167.09          61.34           54.59
167.78          61.28           54.11
168.47          61.28           52.99
169.16          61.33           51.39
169.86          61.37           50.05
170.56          61.34           49.47
171.26          61.29           49.40
171.96          61.30           49.23
172.67          61.28           48.49
173.38          61.26           47.26
174.09          61.43           46.47
174.81          62.22           46.97
175.53          62.85           48.23
176.25          62.91           48.81
176.97          62.84           47.90
177.70          62.81           45.77
178.43          62.84           43.30
179.17          62.90           41.48
179.90          62.99           40.74
180.64          63.07           40.43
181.39          63.09           39.49
182.13          63.04           37.51
182.88          63.02           34.69
183.63          63.16           31.65
184.39          63.38           28.93
185.15          63.46           26.20
185.91          62.99           22.97
186.67          62.43           19.50
187.44          62.45           16.29
188.21          62.68           13.64
188.99          62.85           11.68
189.76          62.93           10.52
190.55          62.91           9.73
191.33          62.82           8.10
192.12          62.73           5.38
192.91          62.78           2.75
193.70          62.94           0.79
194.50          62.97           -0.87
195.30          62.86           -2.49
196.10          62.71           -4.26
196.91          62.64           -6.14
197.72          62.64           -7.79
198.53          62.61           -8.99
199.35          62.46           -9.96
200.17          62.22           -11.27
200.99          61.98           -13.31
201.82          61.77           -16.13
202.65          61.65           -18.49
203.48          61.62           -19.38
204.32          61.59           -20.08
205.16          61.41           -21.33
206.00          61.12           -22.04
206.85          61.07           -21.68
207.70          61.26           -20.73
208.55          61.34           -19.67
209.41          61.34           -19.00
210.27          61.51           -19.15
211.14          61.92           -20.00
212.01          62.28           -20.97
212.88          62.54           -21.55
213.75          62.82           -21.75
214.63          63.20           -22.07
215.52          63.61           -23.25
216.40          63.92           -25.30
217.29          64.15           -27.16
218.19          64.38           -28.84
219.08          64.68           -31.35
219.99          64.92           -34.53
220.89          65.02           -38.21
221.80          65.09           -42.59
222.71          65.19           -46.82
223.63          65.25           -50.25
224.55          65.21           -53.33
225.47          65.15           -56.59
226.40          65.12           -60.01
227.33          65.09           -63.10
228.26          65.01           -65.16
229.20          64.84           -66.83
230.15          64.63           -69.44
231.09          64.52           -72.34
232.04          64.52           -74.71
233.00          64.36           -76.69
233.96          64.15           -78.78
234.92          64.05           -80.89
235.88          64.06           -82.54
236.86          64.04           -83.88
237.83          63.94           -85.36
238.81          63.89           -87.40
239.79          63.95           -89.62
240.78          64.01           -91.29
241.77          63.98           -92.38
242.76          63.96           -94.71
243.76          64.07           -97.97
244.76          64.31           -100.00
245.77          64.50           -101.50
246.78          64.51           -103.63
247.80          64.55           -106.34
248.81          64.65           -108.93
249.84          64.71           -111.18
250.87          64.74           -113.70
251.90          64.81           -116.84
252.93          64.90           -119.40
253.97          64.92           -121.40
255.02          64.86           -123.77
256.07          64.89           -126.73
257.12          64.93           -130.11
258.18          64.89           -133.12
259.24          64.80           -136.15
260.31          64.74           -139.44
261.38          64.62           -142.24
262.45          64.48           -145.34
263.53          64.40           -149.09
264.62          64.37           -152.20
265.70          64.24           -155.03
266.80          64.10           -157.97
267.90          63.97           -160.62
269.00          63.77           -163.26
270.10          63.57           -166.50
271.21          63.40           -169.65
272.33          63.17           -171.91
273.45          63.02           -173.33
274.58          62.87           -174.88
275.70          62.72           -176.35
276.84          62.42           -177.40
277.98          62.13           -178.97
279.12          62.02           179.41
280.27          62.06           179.94
281.42          61.81           179.85
282.58          61.74           178.43
283.74          61.89           177.77
284.91          61.90           178.20
286.08          61.86           177.35
287.26          62.11           176.78
288.44          62.38           177.23
289.63          62.51           176.53
290.82          62.67           173.88
292.01          62.93           171.94
293.21          63.17           171.30
294.42          63.45           169.57
295.63          63.88           167.85
296.85          64.17           167.06
298.07          64.32           164.47
299.29          64.74           161.22
300.53          65.10           159.07
301.76          65.32           156.32
303.00          65.64           152.42
304.25          65.99           149.24
305.50          66.18           145.97
306.76          66.44           141.98
308.02          66.71           138.40
309.29          66.92           135.48
310.56          67.18           132.27
311.84          67.36           128.56
313.12          67.54           124.76
314.41          67.69           120.86
315.70          67.82           116.31
317.00          67.97           111.87
318.30          68.09           108.05
319.61          68.16           103.86
320.93          68.28           99.66
322.25          68.37           95.77
323.57          68.40           91.48
324.90          68.49           87.03
326.24          68.49           83.07
327.58          68.45           78.90
328.93          68.50           75.14
330.28          68.49           71.38
331.64          68.50           66.60
333.00          68.54           62.12
334.37          68.48           58.14
335.75          68.48           53.86
337.13          68.49           50.16
338.52          68.44           45.77
339.91          68.41           41.79
341.31          68.30           38.17
342.71          68.20           34.00
344.12          68.19           30.07
345.54          68.10           26.52
346.96          68.08           22.59
348.38          68.08           18.53
349.82          67.98           14.33
351.26          67.88           10.05
352.70          67.78           6.20
354.15          67.64           2.78
355.61          67.63           -1.48
357.07          67.51           -4.70
358.54          67.34           -8.78
360.02          67.21           -12.28
361.50          67.06           -15.65
362.98          67.00           -19.84
364.48          66.88           -23.37
365.98          66.79           -26.85
367.48          66.67           -30.25
368.99          66.50           -33.73
370.51          66.40           -37.36
372.03          66.28           -40.30
373.56          66.15           -43.57
375.10          66.17           -46.30
376.64          66.12           -49.55
378.19          65.97           -52.68
379.75          65.87           -56.21
381.31          65.86           -58.87
382.88          65.70           -62.02
384.45          65.64           -65.50
386.04          65.51           -68.00
387.62          65.42           -71.15
389.22          65.28           -74.00
390.82          65.14           -76.95
392.43          65.14           -80.20
394.04          65.00           -82.98
395.66          64.99           -85.80
397.29          64.93           -89.01
398.92          64.71           -92.55
400.56          64.58           -95.59
402.21          64.53           -98.98
403.87          64.48           -102.29
405.53          64.42           -106.13
407.20          64.33           -110.97
408.87          64.27           -113.98
410.55          64.22           -117.37
412.24          64.18           -120.85
413.94          64.02           -125.55
415.64          64.16           -128.99
417.35          64.04           -132.61
419.07          64.00           -136.02
420.79          63.83           -140.65
422.52          63.83           -143.51
424.26          63.71           -146.94
426.00          63.62           -150.65
427.76          63.47           -153.84
429.51          63.43           -157.23
431.28          63.23           -160.49
433.06          63.33           -161.73
434.84          63.25           -165.52
436.63          63.13           -168.49
438.42          63.03           -172.15
440.22          62.95           -174.04
442.04          62.77           -177.33
443.85          62.66           179.99
445.68          62.57           177.18
447.51          62.62           174.70
449.35          62.52           171.14
451.20          62.54           168.20
453.06          62.65           165.12
454.92          62.75           162.26
456.79          62.84           159.79
458.67          62.92           156.53
460.56          63.02           152.63
462.45          63.24           149.12
464.35          63.44           145.29
466.26          63.62           142.38
468.18          63.90           137.94
470.11          64.07           134.20
472.04          64.21           130.14
473.98          64.28           125.84
475.93          64.45           121.58
477.89          64.60           116.41
479.86          64.77           111.85
481.83          64.82           107.24
483.81          64.82           102.63
485.80          64.80           97.46
487.80          64.85           92.72
489.81          64.86           88.66
491.82          64.80           84.26
493.85          64.67           79.89
495.88          64.61           75.14
497.92          64.61           70.81
499.96          64.56           65.80
502.02          64.54           61.71
504.09          64.54           57.14
506.16          64.40           52.92
508.24          64.38           49.53
510.33          64.27           45.82
512.43          64.21           42.36
514.54          64.20           38.11
516.66          64.13           35.02
518.78          64.09           31.91
520.91          64.14           28.26
523.06          64.06           25.83
525.21          64.21           22.24
527.37          64.28           19.27
529.54          64.23           16.54
531.72          64.29           13.77
533.90          64.44           10.17
536.10          64.66           6.66
538.30          64.88           3.34
540.52          65.09           0.20
542.74          65.43           -3.85
544.97          65.72           -7.91
547.22          66.01           -11.57
549.47          66.33           -16.67
551.73          66.64           -21.25
554.00          66.86           -26.28
556.28          67.21           -31.79
558.56          67.46           -37.15
560.86          67.66           -43.04
563.17          67.81           -49.10
565.48          67.97           -55.22
567.81          68.12           -61.36
570.15          68.19           -66.92
572.49          68.29           -73.16
574.85          68.35           -79.15
577.21          68.41           -85.10
579.59          68.44           -91.26
581.97          68.42           -97.11
584.36          68.44           -102.84
586.77          68.42           -108.77
589.18          68.39           -114.78
591.60          68.28           -121.36
594.04          68.19           -127.17
596.48          68.14           -132.66
598.93          68.07           -138.43
601.40          68.03           -144.07
603.87          67.97           -149.57
606.36          67.92           -154.99
608.85          67.84           -160.29
611.35          67.75           -165.86
613.87          67.63           -170.79
616.39          67.61           -176.16
618.93          67.60           178.26
621.47          67.59           172.64
624.03          67.59           167.34
626.60          67.64           162.00
629.18          67.69           156.89
631.76          67.82           151.08
634.36          67.93           145.42
636.97          68.05           139.76
639.59          68.15           134.20
642.22          68.23           128.14
644.86          68.35           121.66
647.52          68.48           115.08
650.18          68.56           108.26
652.85          68.63           101.10
655.54          68.63           94.01
658.24          68.65           87.12
660.94          68.63           80.24
663.66          68.56           73.41
666.39          68.43           66.31
669.13          68.33           59.39
671.89          68.11           52.68
674.65          67.88           45.97
677.42          67.70           39.61
680.21          67.40           34.08
683.01          67.10           28.56
685.82          66.75           23.69
688.64          66.42           19.44
691.47          66.11           15.30
694.32          65.82           11.34
697.17          65.64           8.21
700.04          65.50           4.87
702.92          65.39           1.34
705.81          65.53           -2.56
708.71          65.76           -5.84
711.63          65.95           -9.44
714.56          66.25           -13.21
717.50          66.51           -17.44
720.45          66.80           -21.85
723.41          67.14           -27.10
726.39          67.46           -31.91
729.37          67.78           -37.58
732.37          68.08           -44.03
735.39          68.43           -50.41
738.41          68.74           -57.15
741.45          68.98           -64.44
744.50          69.21           -72.03
747.56          69.41           -79.11
750.64          69.58           -86.48
753.72          69.71           -94.06
756.82          69.87           -101.29
759.94          70.00           -108.74
763.06          70.11           -115.75
766.20          70.22           -123.10
769.35          70.34           -130.75
772.52          70.45           -138.34
775.69          70.57           -145.76
778.89          70.67           -153.22
782.09          70.75           -160.97
785.31          70.83           -168.71
788.54          70.94           -176.43
791.78          71.04           175.80
795.04          71.12           167.78
798.31          71.20           159.83
801.59          71.30           151.69
804.89          71.35           143.17
808.20          71.41           135.01
811.52          71.47           126.54
814.86          71.51           118.34
818.21          71.54           110.23
821.58          71.56           101.75
824.96          71.54           93.31
828.35          71.51           85.28
831.76          71.50           77.12
835.18          71.44           69.10
838.62          71.42           61.07
842.06          71.36           53.19
845.53          71.31           45.32
849.01          71.29           37.61
852.50          71.26           30.09
856.01          71.22           22.59
859.53          71.22           15.04
863.06          71.19           7.34
866.61          71.20           -0.43
870.18          71.20           -8.34
873.76          71.22           -16.33
877.35          71.24           -24.61
880.96          71.27           -32.92
884.58          71.27           -41.29
888.22          71.29           -49.63
891.87          71.24           -58.14
895.54          71.23           -66.76
899.23          71.22           -75.46
902.93          71.15           -84.03
906.64          71.06           -92.74
910.37          71.01           -101.37
914.11          70.91           -110.07
917.87          70.85           -118.73
921.65          70.74           -127.61
925.44          70.60           -136.28
929.25          70.45           -144.71
933.07          70.32           -152.91
936.91          70.21           -161.27
940.76          70.09           -169.44
944.63          69.97           -178.02
948.52          69.84           173.44
952.42          69.71           165.45
956.33          69.64           157.58
960.27          69.52           149.15
964.22          69.43           140.97
968.18          69.33           132.89
972.17          69.28           124.69
976.17          69.20           116.61
980.18          69.14           108.42
984.21          69.13           100.31
988.26          69.08           92.25
992.33          69.05           84.29
996.41          69.00           75.91
1000.51         68.96           67.75
1004.62         68.96           60.09
1008.75         69.03           52.20
1012.90         69.11           43.79
1017.07         69.16           35.30
1021.25         69.25           27.11
1025.45         69.40           18.55
1029.67         69.51           9.61
1033.91         69.63           0.89
1038.16         69.78           -8.05
1042.43         69.89           -16.98
1046.72         69.99           -26.21
1051.02         70.12           -35.52
1055.35         70.23           -45.04
1059.69         70.33           -54.56
1064.05         70.41           -64.55
1068.42         70.49           -74.40
1072.82         70.54           -84.42
1077.23         70.59           -94.29
1081.66         70.62           -104.31
1086.11         70.71           -114.55
1090.58         70.73           -124.97
1095.06         70.81           -135.33
1099.57         70.81           -145.82
1104.09         70.86           -156.60
1108.63         70.90           -167.06
1113.19         70.91           -177.72
1117.77         70.91           171.22
1122.37         70.88           160.05
1126.99         70.87           149.21
1131.62         70.85           138.43
1136.28         70.79           127.17
1140.95         70.71           116.14
1145.64         70.59           104.98
1150.36         70.46           93.87
1155.09         70.29           83.06
1159.84         70.12           72.42
1164.61         69.92           61.97
1169.40         69.78           51.36
1174.21         69.54           41.27
1179.04         69.32           30.73
1183.89         69.09           20.49
1188.76         68.93           10.15
1193.65         68.70           0.50
1198.56         68.48           -9.58
1203.49         68.29           -19.26
1208.44         68.15           -28.84
1213.41         68.05           -38.26
1218.40         67.94           -47.54
1223.41         67.85           -56.86
1228.45         67.76           -66.42
1233.50         67.68           -76.27
1238.57         67.62           -86.13
1243.67         67.49           -95.80
1248.78         67.41           -105.50
1253.92         67.37           -115.30
1259.08         67.43           -125.19
1264.26         67.43           -134.68
1269.46         67.47           -144.78
1274.68         67.56           -154.76
1279.92         67.63           -164.78
1285.19         67.73           -175.27
1290.47         67.89           174.24
1295.78         68.06           163.46
1301.11         68.22           152.51
1306.46         68.38           141.62
1311.84         68.60           130.67
1317.23         68.74           119.35
1322.65         68.90           107.96
1328.09         69.07           96.31
1333.55         69.23           84.86
1339.04         69.35           73.35
1344.55         69.46           61.67
1350.08         69.60           49.73
1355.63         69.73           37.92
1361.21         69.87           25.76
1366.81         69.99           13.54
1372.43         70.11           1.13
1378.07         70.25           -11.42
1383.74         70.39           -24.16
1389.43         70.54           -37.25
1395.15         70.63           -50.34
1400.89         70.69           -63.41
1406.65         70.77           -76.35
1412.44         70.80           -89.55
1418.25         70.84           -102.63
1424.08         70.84           -115.88
1429.94         70.89           -129.03
1435.82         70.91           -142.21
1441.73         70.95           -155.60
1447.66         70.96           -169.31
1453.61         71.00           177.29
1459.59         70.99           163.63
1465.59         70.95           150.09
1471.62         70.91           136.52
1477.68         70.86           122.98
1483.75         70.82           109.56
1489.86         70.81           96.07
1495.98         70.79           82.22
1502.14         70.78           68.41
1508.32         70.78           54.55
1514.52         70.81           40.66
1520.75         70.80           26.51
1527.01         70.79           12.36
1533.29         70.73           -1.72
1539.59         70.67           -15.98
1545.93         70.58           -30.48
1552.29         70.46           -44.63
1558.67         70.39           -59.25
1565.08         70.24           -73.43
1571.52         70.06           -87.42
1577.98         69.91           -101.39
1584.47         69.70           -115.34
1590.99         69.54           -128.96
1597.54         69.41           -142.57
1604.11         69.29           -156.61
1610.71         69.13           -170.76
1617.33         68.93           175.01
1623.98         68.72           160.67
1630.66         68.56           146.20
1637.37         68.37           131.98
1644.11         68.19           118.23
1650.87         68.06           104.44
1657.66         67.84           90.64
1664.48         67.73           77.29
1671.32         67.66           63.65
1678.20         67.59           49.82
1685.10         67.64           36.07
1692.03         67.61           22.07
1698.99         67.54           7.75
1705.98         67.41           -6.24
1713.00         67.29           -20.20
1720.05         67.24           -34.18
1727.12         67.14           -48.31
1734.22         67.11           -62.22
1741.36         67.12           -76.14
1748.52         67.12           -90.39
1755.71         67.14           -105.05
1762.93         67.19           -119.37
1770.19         67.28           -134.43
1777.47         67.33           -149.86
1784.78         67.37           -164.96
1792.12         67.40           179.61
1799.49         67.42           164.17
1806.89         67.44           148.71
1814.33         67.49           133.11
1821.79         67.55           117.47
1829.28         67.56           101.79
1836.81         67.61           86.19
1844.36         67.61           70.35
1851.95         67.60           54.15
1859.57         67.60           37.85
1867.22         67.57           21.68
1874.90         67.51           5.53
1882.61         67.41           -10.43
1890.35         67.33           -25.90
1898.13         67.26           -41.62
1905.93         67.10           -57.41
1913.77         67.02           -73.13
1921.65         66.99           -88.43
1929.55         66.98           -104.07
1937.49         67.05           -119.98
1945.46         67.16           -136.03
1953.46         67.21           -152.02
1961.49         67.34           -168.23
1969.56         67.48           175.52
1977.66         67.62           159.23
1985.80         67.77           142.64
1993.97         67.96           125.86
2002.17         68.11           108.74
2010.40         68.24           91.49
2018.67         68.36           73.85
2026.98         68.52           56.35
2035.32         68.62           38.50
2043.69         68.77           20.37
2052.09         68.86           2.07
2060.53         68.91           -16.22
2069.01         68.97           -34.52
2077.52         69.03           -52.95
2086.07         69.03           -71.17
2094.65         69.03           -89.57
2103.26         68.98           -108.19
2111.91         68.96           -126.33
2120.60         68.93           -144.85
2129.32         68.93           -163.44
2138.08         68.94           177.94
2146.88         68.94           159.32
2155.71         68.92           140.81
2164.57         68.91           122.65
2173.48         68.86           104.15
2182.42         68.80           85.90
2191.40         68.81           67.66
2200.41         68.76           49.29
2209.46         68.75           30.91
2218.55         68.75           12.16
2227.67         68.79           -6.07
2236.84         68.85           -24.66
2246.04         68.94           -43.63
2255.28         69.04           -62.49
2264.55         69.13           -81.52
2273.87         69.24           -100.85
2283.22         69.34           -120.54
2292.61         69.45           -140.57
2302.04         69.51           -161.00
2311.51         69.55           178.58
2321.02         69.55           158.54
2330.57         69.51           138.26
2340.15         69.50           118.12
2349.78         69.51           97.92
2359.44         69.52           78.02
2369.15         69.51           57.90
2378.89         69.54           37.85
2388.68         69.50           17.70
2398.51         69.50           -2.75
2408.37         69.45           -23.23
2418.28         69.38           -43.56
2428.22         69.34           -63.59
2438.21         69.28           -83.93
2448.24         69.30           -104.31
2458.31         69.33           -124.38
2468.42         69.41           -145.14
2478.58         69.52           -166.04
2488.77         69.63           172.62
2499.01         69.69           151.34
2509.29         69.77           129.94
2519.61         69.84           108.16
2529.97         69.89           86.29
2540.38         69.94           64.48
2550.83         69.96           42.74
2561.32         70.02           20.96
2571.86         70.06           -1.13
2582.44         70.11           -23.15
2593.06         70.16           -45.29
2603.73         70.21           -67.65
2614.44         70.23           -90.47
2625.19         70.25           -113.30
2635.99         70.22           -136.21
2646.83         70.20           -158.71
2657.72         70.20           178.67
2668.65         70.17           155.96
2679.63         70.17           133.27
2690.65         70.17           110.75
2701.72         70.20           88.17
2712.83         70.25           65.32
2723.99         70.30           42.29
2735.19         70.36           18.96
2746.44         70.42           -4.63
2757.74         70.51           -28.21
2769.08         70.53           -51.80
2780.47         70.57           -75.28
2791.91         70.64           -98.84
2803.39         70.70           -122.37
2814.93         70.75           -146.36
2826.50         70.82           -170.38
2838.13         70.89           165.22
2849.80         70.96           140.77
2861.53         71.01           115.92
2873.30         71.03           90.83
2885.12         71.04           65.58
2896.98         71.00           40.04
2908.90         70.98           14.85
2920.87         70.90           -10.37
2932.88         70.79           -35.47
2944.94         70.77           -60.60
2957.06         70.72           -85.88
2969.22         70.65           -111.56
2981.43         70.61           -137.11
2993.70         70.55           -162.57
3006.01         70.49           171.74
3018.38         70.41           146.10
3030.79         70.33           120.24
3043.26         70.23           94.40
3055.78         70.13           68.26
3068.35         70.03           42.37
3080.97         69.96           16.61
3093.64         69.82           -9.27
3106.36         69.75           -35.05
3119.14         69.75           -60.94
3131.97         69.64           -87.02
3144.86         69.58           -113.05
3157.79         69.53           -138.70
3170.78         69.51           -164.81
3183.82         69.48           168.80
3196.92         69.46           142.48
3210.07         69.41           115.94
3223.27         69.38           89.08
3236.53         69.36           62.35
3249.84         69.38           35.74
3263.21         69.41           8.74
3276.63         69.44           -18.09
3290.11         69.52           -45.15
3303.64         69.56           -72.50
3317.23         69.58           -100.18
3330.88         69.58           -127.99
3344.58         69.57           -155.83
3358.34         69.54           176.29
3372.15         69.52           148.52
3386.02         69.57           120.78
3399.95         69.64           92.74
3413.93         69.81           64.62
3427.98         69.88           36.42
3442.08         69.94           7.70
3456.24         70.04           -20.93
3470.45         70.11           -49.71
3484.73         70.22           -78.84
3499.06         70.29           -108.31
3513.45         70.37           -138.04
3527.91         70.41           -167.53
3542.42         70.52           162.79
3556.99         70.67           132.87
3571.62         70.81           102.43
3586.31         70.90           71.67
3601.06         70.95           40.73
3615.87         70.97           9.51
3630.75         70.93           -21.76
3645.68         70.90           -52.91
3660.68         70.87           -83.77
3675.74         70.78           -114.89
3690.85         70.72           -145.74
3706.04         70.63           -176.61
3721.28         70.60           152.76
3736.59         70.62           122.11
3751.96         70.67           90.91
3767.39         70.69           59.71
3782.89         70.68           28.26
3798.45         70.69           -3.16
3814.07         70.77           -34.70
3829.76         70.81           -66.42
3845.51         70.85           -98.17
3861.33         70.89           -130.14
3877.21         71.01           -161.98
3893.16         71.12           165.64
3909.18         71.31           132.99
3925.26         71.49           100.01
3941.40         71.64           66.73
3957.61         71.77           32.89
3973.89         71.83           -1.21
3990.24         71.87           -35.23
4006.65         71.91           -69.35
4023.13         71.93           -103.57
4039.68         71.97           -137.86
4056.30         71.98           -172.32
4072.98         72.03           153.06
4089.73         72.06           118.28
4106.56         72.08           83.65
4123.45         72.12           48.77
4140.41         72.17           13.84
4157.44         72.19           -21.64
4174.54         72.21           -57.33
4191.71         72.21           -92.91
4208.95         72.19           -128.50
4226.27         72.19           -164.27
4243.65         72.21           159.85
4261.11         72.19           123.67
4278.63         72.17           87.31
4296.23         72.15           51.00
4313.91         72.13           14.53
4331.65         72.10           -21.97
4349.47         72.04           -58.54
4367.36         72.03           -95.71
4385.32         71.98           -133.11
4403.36         71.96           -170.38
4421.47         71.91           152.45
4439.66         71.85           115.05
4457.92         71.81           77.47
4476.26         71.80           39.82
4494.67         71.81           2.13
4513.16         71.79           -35.82
4531.72         71.78           -74.24
4550.36         71.79           -112.76
4569.08         71.72           -151.71
4587.87         71.66           169.56
4606.75         71.63           130.90
4625.70         71.64           91.65
4644.72         71.63           52.69
4663.83         71.60           13.17
4683.01         71.53           -26.69
4702.27         71.43           -66.50
4721.62         71.37           -106.32
4741.04         71.29           -146.52
4760.54         71.19           173.23
4780.12         71.05           133.00
4799.78         70.94           92.72
4819.52         70.85           52.64
4839.35         70.76           12.31
4859.25         70.69           -27.80
4879.24         70.67           -68.60
4899.31         70.64           -109.78
4919.46         70.62           -150.87
4939.70         70.56           167.35
4960.02         70.45           125.67
4980.42         70.38           83.87
5000.91         70.30           42.09
5021.48         70.14           0.17
5042.13         70.06           -41.72
5062.87         69.96           -83.71
5083.70         69.89           -125.97
5104.61         69.85           -168.47
5125.60         69.82           148.80
5146.69         69.83           105.80
5167.86         69.85           62.25
5189.11         69.80           18.66
5210.46         69.71           -25.14
5231.89         69.58           -69.17
5253.41         69.45           -112.79
5275.02         69.40           -156.37
5296.72         69.33           159.97
5318.50         69.32           115.83
5340.38         69.35           71.41
5362.35         69.31           26.69
5384.41         69.35           -18.33
5406.55         69.41           -63.95
5428.79         69.39           -109.95
5451.12         69.34           -156.20
5473.54         69.22           157.69
5496.06         69.14           111.32
5518.67         69.02           65.18
5541.37         68.96           18.84
5564.16         68.87           -27.69
5587.05         68.84           -75.22
5610.03         68.77           -122.43
5633.10         68.71           -170.01
5656.28         68.61           142.11
5679.54         68.55           94.09
5702.90         68.43           45.91
5726.36         68.24           -2.14
5749.92         68.02           -49.91
5773.57         67.90           -97.99
5797.32         67.73           -145.53
5821.16         67.67           166.38
5845.11         67.55           117.72
5869.15         67.50           68.47
5893.29         67.39           19.21
5917.53         67.30           -30.14
5941.87         67.14           -79.03
5966.31         67.04           -128.69
5990.86         66.92           -178.86
6015.50         66.81           131.08
6040.24         66.68           80.93
6065.09         66.60           31.16
6090.03         66.52           -19.60
6115.08         66.48           -70.41
6140.24         66.37           -121.27
6165.49         66.38           -173.09
6190.86         66.27           135.09
6216.32         66.16           83.89
6241.89         66.07           32.20
6267.56         65.95           -19.61
6293.34         65.92           -71.98
6319.23         65.91           -125.02
6345.22         65.85           -178.28
6371.32         65.75           128.94
6397.53         65.71           75.91
6423.85         65.71           22.16
6450.27         65.79           -32.43
6476.80         65.83           -87.32
6503.44         65.77           -142.57
6530.19         65.73           161.36
6557.05         65.56           105.30
6584.03         65.47           49.20
6611.11         65.35           -7.26
6638.30         65.25           -63.62
6665.61         65.19           -120.90
6693.02         64.98           -178.07
6720.56         64.78           124.97
6748.20         64.58           68.24
6775.96         64.48           11.10
6803.83         64.40           -46.12
6831.81         64.26           -104.20
6859.92         63.94           -163.17
6888.13         63.67           139.10
6916.47         63.52           80.54
6944.92         63.44           22.01
6973.48         63.41           -37.38
7002.17         63.23           -97.94
7030.97         62.98           -159.62
7059.89         62.73           137.94
7088.93         62.31           92.58
7118.09         62.08           55.73
7147.37         61.87           17.84
7176.77         61.67           -22.09
7206.29         61.35           -78.65
7235.93         60.87           -138.52
7265.69         60.34           153.20
7295.58         60.03           96.54
7325.59         59.58           39.82
7355.72         58.95           -44.05
7385.98         58.19           -150.00
7416.36         57.42           130.67
7446.86         56.93           34.39
7477.49         56.71           -44.48
7508.25         56.53           -115.06
7539.13         56.80           154.72
7570.15         57.16           55.96
7601.28         57.28           -44.01
7632.55         57.43           -141.23
7663.94         57.58           143.85
7695.47         57.72           88.13
7727.12         58.24           41.37
7758.91         58.69           -17.26
7790.82         59.10           -78.53
7822.87         59.50           -112.31
7855.05         59.74           -120.24
7887.36         59.98           -135.36
7919.80         60.22           -132.98
7952.38         60.38           -148.06
7985.09         60.47           -172.11
8017.93         60.48           167.26
8050.91         60.57           145.39
8084.03         60.79           124.50
8117.28         61.09           101.95
8150.67         61.23           71.63
8184.20         61.38           1.16
8217.86         61.39           -69.89
8251.66         61.42           -140.57
8285.60         61.43           149.52
8319.68         61.46           78.73
8353.91         61.53           2.57
8388.27         61.63           -91.91
8422.77         61.74           172.41
8457.42         61.96           76.13
8492.21         62.07           -19.57
8527.14         62.30           -116.84
8562.21         62.38           145.96
8597.43         62.50           48.73
8632.79         62.53           -48.96
8668.30         62.62           -147.54
8703.96         62.72           138.19
8739.76         62.96           62.94
8775.71         63.11           -12.29
8811.81         63.40           -87.95
8848.05         63.55           -164.22
8884.45         63.75           120.08
8920.99         63.91           42.47
8957.69         64.00           -34.50
8994.54         64.09           -111.48
9031.53         64.25           171.03
9068.68         64.52           93.07
9105.98         64.78           14.32
9143.44         64.95           -64.94
9181.05         65.06           -144.82
9218.82         65.34           136.21
9256.74         65.61           55.38
9294.81         65.70           -24.59
9333.04         65.91           -105.51
9371.43         66.13           172.65
9409.98         66.39           90.94
9448.69         66.55           8.71
9487.55         66.77           -73.67
9526.58         66.98           -156.87
9565.76         67.25           119.50
9605.11         67.48           35.30
9644.62         67.60           -48.90
9684.29         67.76           -133.12
9724.13         68.04           142.45
9764.12         68.32           57.56
9804.29         68.46           -27.68
9844.61         68.61           -113.10
9885.11         68.82           161.30
9925.77         69.08           74.89
9966.60         69.27           -11.15
10007.59        69.48           -97.62
10048.76        69.76           175.72
10090.09        70.05           88.81
10131.59        70.28           1.20
10173.27        70.46           -86.71
10215.12        70.63           -174.40
10257.13        70.88           97.12
10299.32        71.04           8.59
10341.69        71.22           -80.21
10384.23        71.39           -169.31
10426.94        71.62           101.66
10469.83        71.81           11.76
10512.90        71.98           -79.08
10556.14        72.13           -169.89
10599.56        72.24           99.10
10643.16        72.36           7.90
10686.94        72.45           -83.67
10730.90        72.52           -175.26
10775.04        72.64           93.00
10819.36        72.77           0.90
10863.86        72.92           -92.05
10908.55        73.04           174.71
10953.42        73.17           81.32
10998.47        73.21           -12.68
11043.71        73.28           -106.77
11089.14        73.40           158.91
11134.75        73.49           64.50
11180.55        73.57           -30.44
11226.54        73.61           -125.63
11272.72        73.69           138.88
11319.09        73.76           42.95
11365.65        73.85           -53.08
11412.40        73.97           -150.18
11459.34        74.01           112.20
11506.48        74.06           14.37
11553.81        74.07           -83.72
11601.33        74.06           178.21
11649.05        74.06           79.37
11696.97        74.10           -19.81
11745.08        74.11           -119.51
11793.39        74.00           139.94
11841.90        73.93           39.20
11890.61        73.86           -61.69
11939.52        73.75           -162.88
11988.63        73.61           95.65
12037.95        73.47           -6.41
12087.46        73.30           -108.70
12137.18        73.07           148.99
12187.11        72.87           46.57
12237.24        72.65           -56.37
12287.57        72.42           -159.25
12338.12        72.19           97.36
12388.87        71.96           -6.52
12439.83        71.70           -110.15
12490.99        71.39           145.78
12542.37        71.16           42.12
12593.96        70.96           -61.98
12645.77        70.79           -166.27
12697.78        70.70           88.63
12750.01        70.62           -17.30
12802.46        70.47           -123.12
12855.12        70.31           130.66
12908.00        70.19           24.17
12961.09        70.10           -82.95
13014.40        69.99           169.57
13067.94        69.91           61.29
13121.69        69.83           -47.26
13175.66        69.71           -155.67
13229.86        69.62           95.04
13284.28        69.57           -14.23
13338.92        69.55           -123.34
13393.79        69.58           126.94
13448.88        69.67           16.18
13504.20        69.74           -94.72
13559.75        69.88           154.04
13615.52        70.11           41.97
13671.53        70.42           -70.79
13727.76        70.71           175.57
13784.23        71.06           61.54
13840.93        71.36           -53.28
13897.86        71.64           -168.97
13955.03        71.86           74.60
14012.43        72.09           -42.46
14070.06        72.31           -160.47
14127.94        72.51           80.57
14186.05        72.65           -40.31
14244.40        72.72           -161.64
14303.00        72.71           76.90
14361.83        72.69           -44.85
14420.90        72.64           -166.97
14480.22        72.58           70.46
14539.78        72.44           -52.63
14599.59        72.28           -176.05
14659.64        72.05           60.36
14719.94        71.80           -63.16
14780.49        71.56           173.03
14841.29        71.31           48.77
14902.33        71.04           -76.08
14963.63        70.75           159.18
15025.18        70.47           34.57
15086.98        70.20           -90.59
15149.04        69.97           144.21
15211.35        69.80           18.75
15273.92        69.66           -107.48
15336.75        69.55           125.69
15399.83        69.34           -1.59
15463.18        69.23           -129.16
15526.78        69.16           102.68
15590.65        69.04           -26.11
15654.78        69.02           -155.79
15719.17        69.02           74.08
15783.83        69.00           -56.70
15848.75        69.00           171.97
15913.95        69.02           40.21
15979.40        68.98           -92.84
16045.13        69.00           133.93
16111.13        68.99           -0.30
16177.40        68.95           -135.21
16243.95        68.94           89.75
16310.76        68.87           -46.39
16377.85        68.86           176.81
16445.22        68.77           39.93
16512.87        68.65           -97.56
16580.79        68.57           124.38
16648.99        68.47           -14.32
16717.47        68.33           -152.98
16786.23        68.21           67.73
16855.28        68.14           -72.00
16924.61        68.13           147.63
16994.23        68.10           6.43
17064.13        68.11           -135.11
17134.32        68.02           82.90
17204.80        68.05           -59.91
17275.57        68.09           156.16
17346.63        68.14           12.00
17417.98        68.20           -132.76
17489.63        68.31           81.49
17561.57        68.39           -65.21
17633.80        68.45           147.48
17706.34        68.57           -0.20
17779.17        68.73           -149.21
17852.30        68.83           60.89
17925.73        68.90           -89.87
17999.47        68.90           118.55
18073.50        68.96           -33.50
18147.85        68.92           173.99
18222.49        68.95           20.09
18297.45        68.95           -134.03
18372.71        68.86           71.20
18448.29        68.81           -84.35
18524.17        68.71           119.30
18600.36        68.62           -37.78
18676.87        68.49           164.64
18753.70        68.36           6.01
18830.84        68.18           -152.66
18908.29        67.95           47.22
18986.07        67.81           -112.96
19064.17        67.61           85.99
19142.58        67.43           -75.58
19221.32        67.18           122.21
19300.38        67.08           -41.19
19379.77        66.87           155.34
19459.49        66.64           -8.63
19539.53        66.42           -175.38
19619.90        66.21           -5.14
19700.61        66.02           164.77
19781.64        65.80           -26.41
19863.01        65.58           142.17
19944.71        65.42           -50.30
20026.75        65.24           129.63
20109.13        65.06           -25.74
20191.84        64.78           170.39
20274.90        64.61           -1.96
20358.29        64.35           -173.63
20442.04        64.18           31.29
20526.12        63.84           -118.05
20610.55        63.66           91.33
20695.33        63.45           -56.87
20780.45        63.32           176.86
20865.93        63.10           73.49
20951.76        62.92           -26.30
21037.94        62.70           -105.69
21124.47        62.70           -179.74
21211.37        62.47           97.03
21298.62        62.43           17.21
21386.22        62.25           -70.96
21474.19        62.21           -156.13
21562.52        62.13           126.29
21651.22        62.18           74.38
21740.28        62.16           10.59
21829.70        62.19           -80.79
21919.49        62.15           -162.99
22009.65        62.10           135.17
22100.19        62.05           54.25
22191.09        61.99           -10.73
22282.37        61.95           -21.84
22374.03        61.88           -62.89
22466.06        61.75           -133.76
22558.47        61.72           167.01
22651.26        61.56           121.06
22744.43        61.50           64.85
22837.98        61.38           -28.88
22931.92        61.33           -41.56
23026.25        61.15           25.63
23120.96        60.95           71.72
23216.07        60.74           175.57
23311.56        60.59           -57.17
23407.45        60.42           52.02
23503.73        60.34           165.39
23600.41        60.32           -82.91
23697.49        60.20           -49.04
23794.96        60.10           -27.88
23892.84        60.02           -84.63
23991.12        60.00           173.76
24089.80        60.03           1.13
24188.89        60.03           141.89
24288.39        59.98           -58.16
24388.29        59.89           107.65
24488.61        59.92           -150.52
24589.34        59.92           -46.28
24690.48        59.98           50.77
24792.04        60.04           175.81
24894.02        60.07           2.34
24996.42        60.05           -62.48
25099.24        60.01           -112.63
25202.48        60.07           -126.19
25306.14        60.13           -166.64
25410.23        60.25           -73.42
25514.75        60.31           116.23
25619.71        60.32           -8.55
25725.09        60.30           -137.29
25830.90        60.41           126.11
25937.15        60.45           -69.48
26043.84        60.45           -8.38
26150.97        60.52           22.79
26258.53        60.57           112.87
26366.54        60.60           154.22
26475.00        60.65           128.83
26583.90        60.75           -53.61
26693.24        60.75           100.18
26803.04        60.76           -178.39
26913.29        60.80           -44.51
27023.99        60.81           61.74
27135.15        60.81           112.19
27246.77        60.74           -177.09
27358.84        60.83           -43.04
27471.38        60.85           49.70
27584.38        60.91           172.77
27697.84        60.97           19.84
27811.77        61.04           -114.90
27926.17        61.13           18.50
28041.04        61.16           151.54
28156.38        61.20           -73.13
28272.19        61.15           75.02
28388.49        61.22           -72.57
28505.26        61.26           178.67
28622.51        61.30           49.92
28740.24        61.29           -135.07
28858.46        61.35           11.60
28977.16        61.44           115.37
29096.36        61.49           111.61
29216.04        61.52           107.00
29336.21        61.51           57.79
29456.88        61.52           -16.60
29578.05        61.51           -88.37
29699.71        61.40           141.63
29821.88        61.45           -27.82
29944.54        61.46           -174.62
30067.71        61.56           70.03
30191.39        61.57           -110.40
30315.58        61.58           113.14
30440.28        61.65           -41.83
30565.49        61.68           179.96
30691.21        61.70           125.38
30817.46        61.72           28.25
30944.22        61.72           -68.62
31071.50        61.69           -121.73
31199.31        61.71           -85.75
31327.64        61.73           -0.71
31456.50        61.78           127.46
31585.89        61.79           -34.85
31715.81        61.83           -156.57
31846.27        61.85           71.43
31977.26        61.78           25.22
32108.80        61.86           27.05
32240.87        61.91           82.80
32373.49        61.86           -158.86
32506.65        61.89           -14.50
32640.36        61.89           142.02
32774.62        61.84           -20.93
32909.43        61.87           -48.98
33044.80        61.93           -82.08
33180.72        61.99           121.71
33317.21        62.05           -118.11
33454.25        62.01           -146.82
33591.86        62.06           140.04
33730.04        62.05           23.74
33868.78        62.08           -119.18
34008.09        62.20           68.18
34147.98        62.20           -125.11
34288.44        62.21           24.52
34429.48        62.30           112.73
34571.10        62.32           -157.71
34713.30        62.41           177.13
34856.09        62.45           146.13
34999.46        62.45           124.57
35143.43        62.45           109.89
35287.98        62.45           62.81
35433.13        62.42           69.88
35578.88        62.49           131.56
35725.23        62.52           -150.79
35872.18        62.56           25.65
36019.73        62.65           -140.34
36167.89        62.63           15.89
36316.66        62.65           -170.43
36466.04        62.65           -62.83
36616.04        62.63           61.24
36766.65        62.63           -77.85
36917.89        62.64           -99.11
37069.74        62.70           -79.37
37222.22        62.77           -68.80
37375.33        62.80           -29.63
37529.07        62.83           -167.02
37683.43        62.88           27.88
37838.44        62.90           -108.33
37994.08        62.98           120.13
38150.36        63.02           -28.27
38307.29        62.94           114.89
38464.86        62.93           -59.64
38623.07        62.97           136.80
38781.94        63.07           85.55
38941.46        63.10           110.02
39101.64        63.15           8.92
39262.48        63.13           140.32
39423.98        63.13           -132.27
39586.14        63.11           -59.11
39748.98        63.14           23.06
39912.48        63.17           108.44
40076.65        63.20           -113.15
40241.50        63.21           98.33
40407.02        63.21           -155.27
40573.23        63.17           -176.04
40740.12        63.23           -105.66
40907.70        63.33           -116.70
41075.96        63.39           59.71
41244.92        63.40           105.54
41414.57        63.46           63.07
41584.93        63.53           -44.19
41755.98        63.64           -144.98
41927.73        63.77           177.11
42100.19        63.84           137.74
42273.36        63.91           107.94
42447.25        63.97           -4.41
42621.84        64.09           169.52
42797.16        64.22           -1.60
42973.20        64.34           -50.06
43149.96        64.50           47.62
43327.45        64.58           37.18
43505.67        64.62           116.40
43684.62        64.65           -65.18
43864.31        64.71           122.98
44044.74        64.78           -23.09
44225.91        64.82           -28.55
44407.82        64.84           71.81
44590.49        64.83           154.69
