Freq[Hz]        [dBSPL]         Phase[Deg]
10.00           110.71          164.11
10.04           110.68          162.29
10.08           110.64          160.53
10.12           110.60          158.84
10.17           110.55          157.21
10.21           110.50          155.66
10.25           110.44          154.17
10.29           110.38          152.75
10.33           110.28          149.59
10.38           110.17          146.61
10.42           110.04          143.84
10.46           109.89          141.26
10.50           109.73          138.88
10.55           109.55          136.71
10.59           109.36          134.74
10.64           109.16          132.97
10.68           108.94          131.39
10.72           108.71          130.02
10.77           108.47          128.84
10.81           108.22          127.86
10.86           107.97          127.07
10.90           107.70          126.48
10.95           107.43          126.07
10.99           107.15          125.85
11.04           106.87          125.81
11.08           106.58          125.96
11.13           106.29          126.29
11.17           106.01          126.80
11.22           105.72          127.48
11.26           105.44          128.33
11.31           105.16          129.36
11.36           104.89          130.55
11.40           104.62          131.91
11.45           104.37          133.43
11.50           104.12          135.11
11.55           103.89          136.94
11.59           103.67          138.91
11.64           103.47          141.03
11.69           103.29          143.27
11.74           103.12          145.63
11.78           102.97          148.11
11.83           102.84          150.68
11.88           102.73          153.33
11.93           102.63          156.06
11.98           102.55          158.84
12.03           102.49          161.66
12.08           102.45          164.49
12.13           102.42          167.33
12.18           102.40          170.15
12.23           102.39          172.93
12.28           102.39          175.65
12.33           102.39          178.28
12.38           102.40          -179.20
12.43           102.42          -176.81
12.48           102.44          -174.57
12.53           102.45          -172.50
12.58           102.47          -170.64
12.64           102.48          -169.01
12.69           102.49          -167.63
12.74           102.49          -166.54
12.79           102.48          -165.75
12.85           102.46          -165.29
12.90           102.43          -165.20
12.95           102.38          -165.49
13.00           102.32          -166.18
13.06           102.25          -167.30
13.11           102.16          -168.85
13.17           102.05          -170.85
13.22           101.92          -173.30
13.27           101.78          -176.21
13.33           101.62          -179.58
13.38           101.44          176.60
13.44           101.24          172.33
13.49           101.03          167.62
13.55           100.79          162.48
13.61           100.54          156.94
13.66           100.28          151.02
13.72           100.00          144.73
13.77           99.71           138.11
13.83           99.42           131.18
13.89           99.11           123.96
13.94           98.79           116.48
14.00           98.47           108.78
14.06           98.15           100.87
14.12           97.83           92.79
14.18           97.50           84.56
14.23           97.18           76.22
14.29           96.87           67.79
14.35           96.57           59.31
14.41           96.27           50.81
14.47           95.99           42.32
14.53           95.73           33.86
14.59           95.48           25.46
14.65           95.25           17.16
14.71           95.04           8.97
14.77           94.85           0.93
14.83           94.68           -6.94
14.89           94.53           -14.61
14.95           94.40           -22.07
15.01           94.30           -29.28
15.08           94.21           -36.22
15.14           94.14           -42.87
15.20           94.09           -49.21
15.26           94.05           -55.22
15.33           94.02           -60.88
15.39           94.01           -66.15
15.45           94.00           -71.03
15.52           94.00           -75.48
15.58           94.00           -79.48
15.64           94.01           -83.00
15.71           94.02           -86.03
15.77           94.03           -88.53
15.84           94.03           -90.50
15.90           94.03           -91.93
15.97           94.03           -92.81
16.03           94.02           -93.14
16.10           94.00           -92.95
16.17           93.98           -92.25
16.23           93.95           -91.05
16.30           93.91           -89.41
16.37           93.87           -87.35
16.43           93.82           -84.91
16.50           93.77           -82.17
16.57           93.71           -79.17
16.64           93.65           -76.00
16.70           93.58           -72.72
16.77           93.52           -69.43
16.84           93.45           -66.20
16.91           93.39           -63.13
16.98           93.33           -60.30
17.05           93.28           -57.80
17.12           93.24           -55.73
17.19           93.21           -54.17
17.26           93.19           -53.20
17.33           93.19           -52.88
17.40           93.20           -53.26
17.48           93.23           -54.37
17.55           93.27           -56.24
17.62           93.33           -58.87
17.69           93.40           -62.26
17.77           93.48           -66.37
17.84           93.58           -71.19
17.91           93.68           -76.64
17.99           93.79           -82.67
18.06           93.90           -89.18
18.13           94.01           -96.08
18.21           94.12           -103.25
18.28           94.22           -110.55
18.36           94.32           -117.86
18.43           94.40           -125.04
18.51           94.46           -131.95
18.59           94.50           -138.45
18.66           94.52           -144.43
18.74           94.51           -149.77
18.82           94.49           -154.39
18.89           94.43           -158.22
18.97           94.34           -161.21
19.05           94.23           -163.33
19.13           94.09           -164.56
19.21           93.92           -164.92
19.29           93.72           -164.44
19.37           93.48           -163.16
19.44           93.22           -161.17
19.52           92.93           -158.55
19.61           92.61           -155.42
19.69           92.27           -151.94
19.77           91.90           -148.25
19.85           91.52           -144.53
19.93           91.12           -140.96
20.01           90.70           -137.69
20.09           90.28           -134.89
20.18           89.85           -132.70
20.26           89.43           -131.21
20.34           89.00           -130.52
20.43           88.58           -130.69
20.51           88.17           -131.75
20.59           87.77           -133.72
20.68           87.38           -136.59
20.76           87.00           -140.30
20.85           86.63           -144.81
20.94           86.27           -150.00
21.02           85.92           -155.77
21.11           85.56           -161.94
21.20           85.20           -168.35
21.28           84.84           -174.79
21.37           84.46           178.97
21.46           84.07           173.14
21.55           83.65           167.91
21.63           83.21           163.44
21.72           82.74           159.88
21.81           82.24           157.32
21.90           81.70           155.85
21.99           81.13           155.53
22.08           80.52           156.38
22.17           79.87           158.38
22.27           79.18           161.50
22.36           78.44           165.66
22.45           77.66           170.77
22.54           76.84           176.68
22.63           75.98           -176.78
22.73           75.09           -169.81
22.82           74.19           -162.66
22.91           73.29           -155.55
23.01           72.42           -148.68
23.10           71.58           -142.23
23.20           70.82           -136.34
23.29           70.14           -131.14
23.39           69.57           -126.72
23.49           69.14           -123.14
23.58           68.85           -120.43
23.68           68.71           -118.61
23.78           68.70           -117.64
23.87           68.81           -117.45
23.97           69.03           -117.96
24.07           69.32           -119.04
24.17           69.66           -120.52
24.27           70.02           -122.21
24.37           70.38           -123.91
24.47           70.74           -125.46
24.57           71.07           -126.69
24.67           71.38           -127.49
24.77           71.66           -127.76
24.88           71.92           -127.42
24.98           72.13           -126.43
25.08           72.32           -124.77
25.18           72.48           -122.46
25.29           72.60           -119.53
25.39           72.69           -116.06
25.50           72.75           -112.14
25.60           72.79           -107.90
25.71           72.80           -103.51
25.81           72.79           -99.14
25.92           72.77           -94.93
26.02           72.74           -91.02
26.13           72.71           -87.51
26.24           72.69           -84.46
26.35           72.68           -81.92
26.45           72.69           -79.90
26.56           72.72           -78.38
26.67           72.78           -77.31
26.78           72.88           -76.62
26.89           73.00           -76.18
27.00           73.17           -75.85
27.11           73.38           -75.45
27.23           73.63           -74.80
27.34           73.91           -73.70
27.45           74.23           -72.00
27.56           74.58           -69.58
27.68           74.95           -66.37
27.79           75.34           -62.31
27.90           75.73           -57.41
28.02           76.12           -51.70
28.14           76.50           -45.26
28.25           76.85           -38.21
28.37           77.17           -30.72
28.48           77.45           -22.98
28.60           77.69           -15.26
28.72           77.88           -7.80
28.84           78.01           -0.87
28.96           78.09           5.30
29.07           78.12           10.48
29.19           78.09           14.50
29.31           78.00           17.23
29.43           77.86           18.55
29.56           77.66           18.40
29.68           77.40           16.74
29.80           77.07           13.59
29.92           76.67           8.99
30.04           76.20           3.03
30.17           75.65           -4.15
30.29           75.03           -12.39
30.42           74.33           -21.47
30.54           73.56           -31.18
30.67           72.72           -41.29
30.79           71.81           -51.59
30.92           70.85           -61.84
31.05           69.83           -71.80
31.18           68.78           -81.24
31.30           67.70           -89.90
31.43           66.61           -97.53
31.56           65.55           -103.94
31.69           64.53           -108.96
31.82           63.62           -112.49
31.95           62.86           -114.48
32.08           62.30           -114.94
32.22           61.96           -113.92
32.35           61.85           -111.54
32.48           61.93           -107.99
32.62           62.15           -103.49
32.75           62.42           -98.34
32.88           62.71           -92.90
33.02           62.97           -87.49
33.16           63.18           -82.44
33.29           63.34           -78.06
33.43           63.46           -74.63
33.57           63.53           -72.36
33.70           63.55           -71.41
33.84           63.54           -71.84
33.98           63.48           -73.64
34.12           63.38           -76.72
34.26           63.24           -80.91
34.40           63.07           -86.01
34.54           62.88           -91.79
34.69           62.70           -98.03
34.83           62.57           -104.48
34.97           62.55           -110.89
35.12           62.69           -117.07
35.26           63.01           -122.90
35.41           63.46           -128.33
35.55           64.00           -133.37
35.70           64.55           -138.12
35.84           65.07           -142.68
35.99           65.52           -147.16
36.14           65.90           -151.67
36.29           66.21           -156.36
36.44           66.46           -161.32
36.59           66.66           -166.66
36.74           66.82           -172.36
36.89           66.93           -178.39
37.04           67.02           175.40
37.19           67.07           169.18
37.35           67.10           163.14
37.50           67.11           157.45
37.65           67.11           152.30
37.81           67.11           147.86
37.97           67.13           144.30
38.12           67.21           141.74
38.28           67.35           140.20
38.44           67.53           139.66
38.59           67.73           140.01
38.75           67.94           141.12
38.91           68.14           142.83
39.07           68.31           144.99
39.23           68.45           147.40
39.39           68.55           149.85
39.56           68.63           152.14
39.72           68.67           154.12
39.88           68.68           155.70
40.05           68.65           156.82
40.21           68.60           157.47
40.38           68.51           157.67
40.54           68.39           157.46
40.71           68.24           156.89
40.88           68.08           156.08
41.04           67.93           155.11
41.21           67.82           154.10
41.38           67.75           153.09
41.55           67.74           152.11
41.72           67.79           151.20
41.90           67.89           150.35
42.07           68.03           149.57
42.24           68.19           148.85
42.42           68.37           148.15
42.59           68.54           147.44
42.76           68.70           146.70
42.94           68.85           145.93
43.12           68.97           145.13
43.29           69.07           144.28
43.47           69.15           143.37
43.65           69.21           142.39
43.83           69.25           141.32
44.01           69.28           140.12
44.19           69.31           138.77
44.37           69.34           137.19
44.56           69.39           135.36
44.74           69.45           133.24
44.92           69.55           130.84
45.11           69.67           128.14
45.29           69.82           125.17
45.48           69.98           121.97
45.67           70.15           118.59
45.86           70.32           115.12
46.04           70.47           111.62
46.23           70.61           108.17
46.42           70.72           104.84
46.61           70.81           101.69
46.81           70.88           98.79
47.00           70.92           96.20
47.19           70.93           93.97
47.39           70.92           92.13
47.58           70.88           90.68
47.78           70.81           89.60
47.97           70.71           88.86
48.17           70.59           88.40
48.37           70.45           88.11
48.57           70.32           87.91
48.77           70.19           87.67
48.97           70.10           87.32
49.17           70.05           86.79
49.37           70.05           86.03
49.58           70.11           85.02
49.78           70.22           83.77
49.98           70.38           82.30
50.19           70.58           80.65
50.40           70.81           78.87
50.60           71.06           77.02
50.81           71.32           75.13
51.02           71.58           73.27
51.23           71.82           71.48
51.44           72.04           69.81
51.65           72.24           68.31
51.86           72.41           66.99
52.08           72.54           65.84
52.29           72.64           64.83
52.51           72.71           63.91
52.72           72.74           63.01
52.94           72.74           62.05
53.16           72.72           60.96
53.38           72.67           59.70
53.60           72.59           58.26
53.82           72.50           56.63
54.04           72.40           54.83
54.26           72.31           52.91
54.48           72.24           50.90
54.71           72.20           48.81
54.93           72.22           46.63
55.16           72.31           44.34
55.39           72.47           41.92
55.61           72.70           39.36
55.84           72.98           36.63
56.07           73.30           33.78
56.30           73.64           30.90
56.53           73.97           28.09
56.77           74.27           25.47
57.00           74.54           23.16
57.23           74.75           21.27
57.47           74.92           19.85
57.71           75.03           18.86
57.94           75.11           18.22
58.18           75.14           17.83
58.42           75.13           17.55
58.66           75.10           17.25
58.90           75.04           16.84
59.15           74.95           16.31
59.39           74.85           15.70
59.63           74.73           15.02
59.88           74.60           14.32
60.12           74.47           13.62
60.37           74.35           12.89
60.62           74.27           12.05
60.87           74.23           10.98
61.12           74.25           9.61
61.37           74.32           7.90
61.62           74.46           5.85
61.88           74.65           3.52
62.13           74.87           1.05
62.39           75.12           -1.44
62.64           75.40           -3.80
62.90           75.68           -5.96
63.16           75.98           -7.87
63.42           76.27           -9.54
63.68           76.55           -11.01
63.94           76.82           -12.35
64.21           77.08           -13.62
64.47           77.30           -14.87
64.74           77.49           -16.14
65.00           77.66           -17.46
65.27           77.81           -18.85
65.54           77.95           -20.33
65.81           78.08           -21.92
66.08           78.20           -23.64
66.35           78.33           -25.51
66.62           78.46           -27.54
66.90           78.59           -29.72
67.17           78.71           -32.05
67.45           78.83           -34.52
67.73           78.93           -37.14
68.00           79.02           -39.91
68.28           79.10           -42.87
68.56           79.19           -46.04
68.85           79.29           -49.42
69.13           79.39           -53.00
69.41           79.50           -56.73
69.70           79.61           -60.51
69.99           79.72           -64.25
70.27           79.82           -67.87
70.56           79.92           -71.34
70.85           79.99           -74.66
71.14           80.04           -77.92
71.44           80.06           -81.20
71.73           80.03           -84.58
72.03           79.98           -88.10
72.32           79.89           -91.75
72.62           79.79           -95.48
72.92           79.66           -99.22
73.22           79.53           -102.90
73.52           79.38           -106.49
73.82           79.22           -110.00
74.13           79.03           -113.49
74.43           78.81           -117.02
74.74           78.56           -120.63
75.04           78.26           -124.33
75.35           77.92           -128.07
75.66           77.55           -131.76
75.97           77.18           -135.28
76.29           76.82           -138.57
76.60           76.48           -141.58
76.92           76.18           -144.35
77.23           75.89           -146.91
77.55           75.61           -149.34
77.87           75.31           -151.66
78.19           75.00           -153.86
78.51           74.65           -155.90
78.83           74.27           -157.75
79.16           73.87           -159.40
79.48           73.44           -160.91
79.81           73.00           -162.37
80.14           72.57           -163.90
80.47           72.15           -165.58
80.80           71.75           -167.41
81.13           71.36           -169.32
81.47           70.99           -171.19
81.80           70.62           -172.89
82.14           70.25           -174.35
82.47           69.85           -175.59
82.81           69.44           -176.66
83.15           69.04           -177.64
83.50           68.67           -178.53
83.84           68.36           -179.23
84.19           68.14           -179.51
84.53           68.00           -179.20
84.88           67.92           -178.24
85.23           67.86           -176.78
85.58           67.79           -175.19
85.93           67.66           -173.85
86.28           67.45           -172.98
86.64           67.18           -172.51
87.00           66.87           -172.11
87.35           66.55           -171.35
87.71           66.26           -170.04
88.07           66.06           -168.23
88.44           65.99           -166.30
88.80           66.11           -164.74
89.16           66.41           -163.95
89.53           66.82           -164.21
89.90           67.20           -165.51
90.27           67.45           -167.63
90.64           67.57           -170.23
91.01           67.61           -172.85
91.39           67.64           -175.13
91.76           67.70           -176.99
92.14           67.79           -178.54
92.52           67.89           179.87
92.90           68.01           177.88
93.28           68.13           175.40
93.67           68.24           172.51
94.05           68.31           169.52
94.44           68.32           166.76
94.83           68.22           164.37
95.22           68.01           162.33
95.61           67.76           160.47
96.00           67.56           158.60
96.40           67.42           156.66
96.79           67.35           154.67
97.19           67.31           152.79
97.59           67.28           151.06
97.99           67.25           149.43
98.40           67.22           147.68
98.80           67.19           145.56
99.21           67.17           142.95
99.62           67.13           139.87
100.03          67.04           136.49
100.44          66.91           133.02
100.85          66.74           129.62
101.26          66.57           126.43
101.68          66.43           123.49
102.10          66.34           120.82
102.52          66.30           118.36
102.94          66.29           115.97
103.36          66.28           113.46
103.79          66.27           110.65
104.22          66.25           107.43
104.65          66.21           103.83
105.08          66.16           100.01
105.51          66.08           96.22
105.94          66.02           92.63
106.38          66.00           89.27
106.82          66.03           86.00
107.25          66.08           82.65
107.70          66.12           79.04
108.14          66.14           75.07
108.58          66.12           70.70
109.03          66.09           65.95
109.48          66.07           60.97
109.93          66.03           56.00
110.38          65.99           51.25
110.84          65.95           46.72
111.29          65.91           42.21
111.75          65.91           37.45
112.21          65.95           32.38
112.67          66.04           27.21
113.13          66.16           22.23
113.60          66.30           17.45
114.07          66.43           12.48
114.54          66.55           6.90
115.01          66.66           0.68
115.48          66.78           -5.80
115.95          66.92           -12.05
116.43          67.12           -18.00
116.91          67.35           -23.96
117.39          67.60           -30.25
117.87          67.83           -36.88
118.36          68.03           -43.52
118.85          68.18           -49.85
119.33          68.31           -55.91
119.83          68.43           -62.10
120.32          68.56           -68.77
120.81          68.72           -75.86
121.31          68.89           -82.82
121.81          69.07           -89.08
122.31          69.23           -94.52
122.81          69.38           -99.48
123.32          69.52           -104.50
123.83          69.63           -109.83
124.34          69.72           -115.38
124.85          69.80           -120.87
125.36          69.89           -126.10
125.88          70.00           -130.96
126.39          70.13           -135.53
126.91          70.25           -139.96
127.44          70.36           -144.37
127.96          70.43           -148.79
128.49          70.48           -153.19
129.01          70.51           -157.57
129.55          70.56           -161.98
130.08          70.62           -166.52
130.61          70.68           -171.18
131.15          70.73           -175.89
131.69          70.77           179.51
132.23          70.79           175.12
132.78          70.79           170.93
133.32          70.77           166.82
133.87          70.72           162.66
134.42          70.65           158.40
134.97          70.57           154.12
135.53          70.48           149.90
136.09          70.38           145.80
136.65          70.29           141.80
137.21          70.19           137.91
137.77          70.08           134.16
138.34          69.93           130.55
138.91          69.73           127.00
139.48          69.49           123.45
140.05          69.26           119.88
140.63          69.06           116.36
141.21          68.91           113.04
141.79          68.77           110.01
142.37          68.62           107.20
142.96          68.44           104.43
143.55          68.23           101.59
144.14          68.02           98.70
144.73          67.82           95.81
145.32          67.64           92.99
145.92          67.44           90.29
146.52          67.22           87.78
147.13          67.00           85.51
147.73          66.81           83.51
148.34          66.64           81.64
148.95          66.44           79.74
149.56          66.19           77.81
150.18          65.89           75.89
150.79          65.60           73.94
151.41          65.34           71.88
152.04          65.14           69.89
152.66          64.98           68.29
153.29          64.82           67.19
153.92          64.62           66.32
154.55          64.37           65.26
155.19          64.10           63.95
155.83          63.85           62.60
156.47          63.65           61.33
157.11          63.53           60.09
157.76          63.43           59.04
158.41          63.32           58.46
159.06          63.19           58.31
159.71          63.03           58.07
160.37          62.88           57.38
161.03          62.78           56.47
161.69          62.72           55.69
162.36          62.65           55.08
163.03          62.55           54.54
163.70          62.44           54.04
164.37          62.32           53.40
165.05          62.24           52.54
165.72          62.17           51.55
166.41          62.12           50.60
167.09          62.09           49.85
167.78          62.09           49.20
168.47          62.13           48.21
169.16          62.17           46.70
169.86          62.19           45.13
170.56          62.16           43.92
171.26          62.11           42.95
171.96          62.07           41.98
172.67          62.09           41.21
173.38          62.23           40.49
174.09          62.65           39.02
174.81          63.43           36.86
175.53          64.00           35.44
176.25          64.18           35.26
176.97          64.20           35.01
177.70          64.19           33.68
178.43          64.19           31.78
179.17          64.26           30.14
179.90          64.39           29.00
180.64          64.51           28.07
181.39          64.58           26.90
182.13          64.60           25.40
182.88          64.62           23.65
183.63          64.67           21.43
184.39          64.69           18.89
185.15          64.54           17.03
185.91          64.07           16.13
186.67          63.65           14.86
187.44          63.55           12.45
188.21          63.60           9.92
188.99          63.69           8.21
189.76          63.77           7.07
190.55          63.78           5.89
191.33          63.68           4.11
192.12          63.57           1.87
192.91          63.56           -0.01
193.70          63.61           -1.39
194.50          63.59           -2.87
195.30          63.52           -4.67
196.10          63.51           -6.59
196.91          63.52           -8.33
197.72          63.46           -9.68
198.53          63.34           -10.86
199.35          63.25           -12.34
200.17          63.19           -14.41
200.99          63.08           -16.59
201.82          62.90           -18.41
202.65          62.69           -19.94
203.48          62.52           -21.09
204.32          62.35           -21.88
205.16          62.13           -22.66
206.00          61.98           -23.22
206.85          62.05           -23.00
207.70          62.22           -22.02
208.55          62.35           -20.91
209.41          62.45           -20.26
210.27          62.62           -20.36
211.14          62.91           -21.02
212.01          63.25           -21.72
212.88          63.48           -22.01
213.75          63.71           -22.51
214.63          64.08           -23.98
215.52          64.47           -25.65
216.40          64.76           -27.07
217.29          64.99           -28.97
218.19          65.24           -31.52
219.08          65.52           -34.50
219.99          65.69           -37.90
220.89          65.76           -41.73
221.80          65.81           -45.81
222.71          65.87           -49.87
223.63          65.93           -53.57
224.55          65.93           -56.75
225.47          65.86           -59.68
226.40          65.81           -62.68
227.33          65.81           -65.53
228.26          65.70           -67.74
229.20          65.50           -69.80
230.15          65.36           -72.18
231.09          65.33           -74.45
232.04          65.30           -76.61
233.00          65.13           -78.75
233.96          64.98           -80.73
234.92          64.95           -82.54
235.88          64.96           -84.41
236.86          64.93           -86.04
237.83          64.86           -87.34
238.81          64.84           -88.77
239.79          64.87           -90.55
240.78          64.91           -92.37
241.77          64.96           -93.86
242.76          65.02           -95.82
243.76          65.14           -98.43
244.76          65.31           -100.94
245.77          65.43           -103.00
246.78          65.49           -104.85
247.80          65.57           -106.98
248.81          65.64           -109.46
249.84          65.68           -112.16
250.87          65.68           -114.84
251.90          65.69           -117.82
252.93          65.76           -121.05
253.97          65.77           -124.39
255.02          65.74           -127.52
256.07          65.76           -130.33
257.12          65.71           -133.21
258.18          65.68           -136.14
259.24          65.67           -139.22
260.31          65.59           -142.38
261.38          65.45           -145.38
262.45          65.34           -148.38
263.53          65.28           -151.53
264.62          65.23           -154.53
265.70          65.11           -157.43
266.80          64.96           -160.13
267.90          64.83           -162.42
269.00          64.68           -164.49
270.10          64.52           -166.66
271.21          64.41           -168.82
272.33          64.25           -170.98
273.45          64.13           -172.89
274.58          64.00           -174.25
275.70          63.76           -175.66
276.84          63.49           -176.89
277.98          63.31           -178.05
279.12          63.22           -179.31
280.27          63.10           -179.93
281.42          62.95           179.47
282.58          62.87           178.88
283.74          62.97           178.36
284.91          63.16           177.68
286.08          63.21           176.78
287.26          63.34           175.92
288.44          63.41           174.96
289.63          63.50           174.02
290.82          63.88           172.65
292.01          64.35           170.75
293.21          64.61           169.78
294.42          64.98           167.90
295.63          65.35           165.79
296.85          65.65           163.90
298.07          65.97           161.29
299.29          66.33           158.53
300.53          66.64           155.78
301.76          66.88           152.67
303.00          67.16           149.61
304.25          67.43           146.49
305.50          67.66           143.35
306.76          67.95           140.31
308.02          68.19           136.80
309.29          68.31           133.02
310.56          68.42           129.47
311.84          68.67           125.54
313.12          68.85           121.98
314.41          68.99           118.00
315.70          69.13           114.04
317.00          69.22           110.13
318.30          69.28           106.07
319.61          69.36           101.96
320.93          69.45           97.97
322.25          69.47           93.77
323.57          69.49           89.60
324.90          69.53           85.51
326.24          69.55           81.43
327.58          69.56           77.30
328.93          69.64           73.33
330.28          69.66           69.50
331.64          69.63           65.25
333.00          69.62           61.15
334.37          69.56           57.30
335.75          69.55           53.18
337.13          69.52           49.24
338.52          69.54           45.53
339.91          69.53           41.74
341.31          69.46           37.99
342.71          69.43           33.76
344.12          69.39           29.83
345.54          69.36           26.01
346.96          69.33           21.85
348.38          69.27           17.71
349.82          69.11           13.89
351.26          69.03           9.68
352.70          68.94           6.04
354.15          68.85           2.14
355.61          68.84           -1.96
357.07          68.72           -5.89
358.54          68.63           -9.58
360.02          68.53           -13.53
361.50          68.36           -17.67
362.98          68.32           -21.82
364.48          68.25           -25.24
365.98          68.17           -28.93
367.48          68.03           -32.59
368.99          67.86           -35.86
370.51          67.80           -38.75
372.03          67.73           -42.09
373.56          67.58           -45.56
375.10          67.50           -49.32
376.64          67.37           -52.49
378.19          67.22           -55.50
379.75          67.11           -58.65
381.31          67.05           -62.14
382.88          66.86           -64.93
384.45          66.83           -68.09
386.04          66.69           -71.01
387.62          66.48           -74.12
389.22          66.37           -77.15
390.82          66.32           -80.54
392.43          66.27           -83.73
394.04          66.15           -87.19
395.66          66.05           -89.95
397.29          66.07           -92.69
398.92          66.02           -95.35
400.56          65.95           -98.73
402.21          65.87           -102.19
403.87          65.85           -105.26
405.53          65.62           -107.53
407.20          65.49           -109.66
408.87          65.41           -113.18
410.55          65.37           -116.55
412.24          65.35           -119.95
413.94          65.30           -123.83
415.64          65.24           -126.85
417.35          65.19           -129.74
419.07          65.03           -132.73
420.79          64.96           -136.40
422.52          64.87           -139.39
424.26          64.65           -142.86
426.00          64.55           -145.79
427.76          64.47           -148.79
429.51          64.37           -152.40
431.28          64.45           -156.29
433.06          64.51           -160.35
434.84          64.41           -162.65
436.63          64.34           -165.31
438.42          64.31           -168.51
440.22          64.22           -171.10
442.04          64.15           -173.93
443.85          64.12           -177.15
445.68          64.27           -179.83
447.51          64.34           177.31
449.35          64.40           173.95
451.20          64.55           171.30
453.06          64.82           168.11
454.92          64.99           164.98
456.79          65.20           162.30
458.67          65.36           158.94
460.56          65.57           155.46
462.45          65.82           151.93
464.35          65.99           148.24
466.26          66.14           144.92
468.18          66.36           140.94
470.11          66.53           136.74
472.04          66.73           132.59
473.98          66.82           127.88
475.93          67.01           123.33
477.89          67.10           118.21
479.86          67.27           113.31
481.83          67.29           108.51
483.81          67.30           103.74
485.80          67.29           98.57
487.80          67.34           93.92
489.81          67.33           88.54
491.82          67.31           83.73
493.85          67.25           79.14
495.88          67.25           74.24
497.92          67.22           70.01
499.96          67.17           65.31
502.02          67.11           60.55
504.09          67.08           56.35
506.16          66.98           52.13
508.24          66.94           48.70
510.33          66.80           44.95
512.43          66.73           41.07
514.54          66.73           37.28
516.66          66.64           33.74
518.78          66.60           30.26
520.91          66.63           27.25
523.06          66.57           23.29
525.21          66.75           19.75
527.37          66.82           16.60
529.54          66.88           13.20
531.72          67.01           10.10
533.90          67.14           6.56
536.10          67.35           2.65
538.30          67.54           -0.89
540.52          67.83           -4.89
542.74          68.13           -9.23
544.97          68.37           -13.26
547.22          68.68           -17.63
549.47          69.02           -22.14
551.73          69.34           -27.11
554.00          69.61           -32.57
556.28          69.88           -37.69
558.56          70.09           -43.30
560.86          70.29           -49.33
563.17          70.48           -55.61
565.48          70.68           -61.97
567.81          70.84           -68.02
570.15          70.94           -74.16
572.49          71.06           -80.81
574.85          71.11           -87.12
577.21          71.19           -93.47
579.59          71.25           -100.10
581.97          71.25           -106.75
584.36          71.22           -113.26
586.77          71.17           -119.76
589.18          71.09           -125.85
591.60          71.04           -132.26
594.04          70.94           -138.55
596.48          70.88           -144.38
598.93          70.78           -150.04
601.40          70.69           -155.80
603.87          70.58           -161.43
606.36          70.53           -167.09
608.85          70.44           -172.39
611.35          70.34           -178.00
613.87          70.24           176.39
616.39          70.18           171.07
618.93          70.14           165.62
621.47          70.14           160.13
624.03          70.17           154.86
626.60          70.22           149.30
629.18          70.28           143.96
631.76          70.40           138.18
634.36          70.50           132.35
636.97          70.61           126.28
639.59          70.73           119.96
642.22          70.83           113.69
644.86          70.89           107.12
647.52          71.00           100.19
650.18          71.08           93.40
652.85          71.14           86.15
655.54          71.19           78.93
658.24          71.21           71.60
660.94          71.16           64.45
663.66          71.07           56.94
666.39          70.98           49.31
669.13          70.81           41.93
671.89          70.62           34.78
674.65          70.35           27.70
677.42          70.10           20.92
680.21          69.74           14.84
683.01          69.40           8.82
685.82          69.06           3.71
688.64          68.64           -0.82
691.47          68.27           -4.69
694.32          67.89           -8.36
697.17          67.50           -11.94
700.04          67.19           -15.42
702.92          67.05           -18.86
705.81          67.08           -22.11
708.71          67.15           -25.27
711.63          67.37           -28.73
714.56          67.59           -32.32
717.50          67.90           -36.06
720.45          68.22           -40.32
723.41          68.55           -45.26
726.39          68.85           -50.33
729.37          69.11           -56.21
732.37          69.38           -62.55
735.39          69.61           -69.69
738.41          69.83           -76.82
741.45          69.98           -84.03
744.50          70.18           -91.20
747.56          70.30           -98.62
750.64          70.36           -106.09
753.72          70.39           -113.40
756.82          70.39           -120.61
759.94          70.42           -128.05
763.06          70.43           -135.44
766.20          70.46           -142.53
769.35          70.50           -149.75
772.52          70.53           -156.93
775.69          70.56           -163.94
778.89          70.60           -171.03
782.09          70.65           -178.19
785.31          70.68           174.66
788.54          70.76           167.48
791.78          70.80           160.26
795.04          70.85           152.78
798.31          70.91           145.43
801.59          70.96           137.79
804.89          71.02           129.99
808.20          71.03           122.37
811.52          71.04           114.81
814.86          71.02           107.26
818.21          70.99           99.86
821.58          70.96           92.44
824.96          70.92           84.96
828.35          70.88           77.60
831.76          70.84           70.32
835.18          70.81           63.18
838.62          70.74           55.86
842.06          70.67           48.80
845.53          70.66           41.91
849.01          70.62           34.73
852.50          70.61           27.95
856.01          70.65           21.24
859.53          70.71           14.62
863.06          70.77           7.63
866.61          70.86           0.54
870.18          70.91           -6.44
873.76          71.02           -13.96
877.35          71.15           -21.50
880.96          71.24           -29.00
884.58          71.32           -36.88
888.22          71.40           -44.76
891.87          71.47           -52.49
895.54          71.53           -60.46
899.23          71.56           -68.64
902.93          71.61           -76.64
906.64          71.68           -84.74
910.37          71.70           -93.00
914.11          71.75           -101.36
917.87          71.79           -109.57
921.65          71.84           -118.00
925.44          71.94           -126.23
929.25          71.97           -134.42
933.07          72.01           -142.71
936.91          72.06           -151.07
940.76          72.14           -159.29
944.63          72.20           -167.63
948.52          72.31           -176.19
952.42          72.41           175.42
956.33          72.52           166.90
960.27          72.62           158.39
964.22          72.71           149.73
968.18          72.82           141.25
972.17          72.91           132.50
976.17          73.03           123.79
980.18          73.16           114.88
984.21          73.27           105.78
988.26          73.39           96.76
992.33          73.50           88.10
996.41          73.65           79.16
1000.51         73.78           70.21
1004.62         73.91           61.29
1008.75         74.06           52.26
1012.90         74.20           42.87
1017.07         74.32           33.86
1021.25         74.46           24.48
1025.45         74.64           15.01
1029.67         74.80           5.22
1033.91         74.98           -4.48
1038.16         75.16           -14.47
1042.43         75.30           -24.29
1046.72         75.46           -34.32
1051.02         75.60           -44.52
1055.35         75.76           -55.12
1059.69         75.87           -65.74
1064.05         76.00           -76.42
1068.42         76.10           -87.14
1072.82         76.18           -97.99
1077.23         76.27           -108.71
1081.66         76.36           -119.69
1086.11         76.48           -130.62
1090.58         76.56           -141.96
1095.06         76.65           -153.33
1099.57         76.72           -164.87
1104.09         76.78           -176.53
1108.63         76.82           171.81
1113.19         76.86           159.88
1117.77         76.87           147.97
1122.37         76.85           135.89
1126.99         76.80           123.81
1131.62         76.74           111.63
1136.28         76.66           99.30
1140.95         76.57           87.15
1145.64         76.47           74.89
1150.36         76.34           62.68
1155.09         76.18           50.53
1159.84         75.99           38.56
1164.61         75.78           26.52
1169.40         75.55           14.60
1174.21         75.29           2.64
1179.04         75.03           -9.30
1183.89         74.72           -21.17
1188.76         74.42           -32.97
1193.65         74.12           -44.78
1198.56         73.81           -56.52
1203.49         73.49           -67.93
1208.44         73.21           -79.37
1213.41         72.88           -90.91
1218.40         72.55           -102.11
1223.41         72.22           -113.04
1228.45         71.88           -124.23
1233.50         71.54           -135.64
1238.57         71.16           -146.83
1243.67         70.74           -158.00
1248.78         70.31           -169.33
1253.92         69.89           179.73
1259.08         69.52           168.76
1264.26         69.17           157.65
1269.46         68.78           146.83
1274.68         68.44           135.80
1279.92         68.18           124.39
1285.19         67.91           113.47
1290.47         67.60           102.58
1295.78         67.27           91.31
1301.11         66.95           79.67
1306.46         66.50           68.68
1311.84         66.00           57.73
1317.23         65.45           46.49
1322.65         64.93           36.43
1328.09         64.36           29.17
1333.55         63.72           23.14
1339.04         63.03           18.07
1344.55         62.32           13.49
1350.08         61.94           9.27
1355.63         61.70           5.06
1361.21         61.65           1.16
1366.81         61.89           -3.54
1372.43         62.41           -8.20
1378.07         63.20           -13.02
1383.74         64.07           -18.02
1389.43         65.20           -23.83
1395.15         66.22           -29.64
1400.89         67.17           -35.54
1406.65         68.02           -43.00
1412.44         68.75           -53.06
1418.25         69.53           -64.86
1424.08         70.21           -77.69
1429.94         70.90           -91.01
1435.82         71.53           -105.11
1441.73         72.15           -119.54
1447.66         72.75           -134.42
1453.61         73.29           -149.34
1459.59         73.84           -164.64
1465.59         74.37           179.87
1471.62         74.87           164.29
1477.68         75.33           148.54
1483.75         75.76           132.70
1489.86         76.15           116.77
1495.98         76.49           100.63
1502.14         76.80           84.47
1508.32         77.08           68.04
1514.52         77.34           51.44
1520.75         77.57           34.65
1527.01         77.77           17.58
1533.29         77.91           0.58
1539.59         78.02           -16.40
1545.93         78.08           -33.46
1552.29         78.11           -50.57
1558.67         78.10           -67.63
1565.08         78.06           -84.70
1571.52         77.99           -101.50
1577.98         77.90           -118.11
1584.47         77.77           -134.47
1590.99         77.68           -150.54
1597.54         77.60           -166.94
1604.11         77.52           176.70
1610.71         77.44           160.34
1617.33         77.33           143.68
1623.98         77.21           126.99
1630.66         77.11           110.37
1637.37         76.96           93.60
1644.11         76.84           76.96
1650.87         76.70           60.32
1657.66         76.55           43.88
1664.48         76.40           27.50
1671.32         76.29           10.89
1678.20         76.18           -5.77
1685.10         76.08           -22.73
1692.03         75.97           -40.00
1698.99         75.81           -57.34
1705.98         75.59           -75.01
1713.00         75.32           -92.78
1720.05         75.03           -110.47
1727.12         74.75           -127.85
1734.22         74.46           -145.32
1741.36         74.24           -162.70
1748.52         74.01           179.51
1755.71         73.81           161.53
1762.93         73.65           143.02
1770.19         73.45           124.09
1777.47         73.19           104.72
1784.78         72.88           84.67
1792.12         72.57           64.44
1799.49         72.19           44.46
1806.89         71.77           24.27
1814.33         71.38           3.47
1821.79         71.02           -17.81
1829.28         70.73           -39.52
1836.81         70.46           -62.18
1844.36         70.17           -85.77
1851.95         69.89           -109.80
1859.57         69.68           -134.38
1867.22         69.45           -159.28
1874.90         69.24           175.52
1882.61         69.07           150.17
1890.35         69.00           125.01
1898.13         69.03           100.30
1905.93         69.22           75.58
1913.77         69.43           50.47
1921.65         69.88           25.33
1929.55         70.45           0.74
1937.49         71.06           -23.71
1945.46         71.70           -48.08
1953.46         72.34           -72.07
1961.49         72.94           -95.47
1969.56         73.52           -118.80
1977.66         74.09           -141.56
1985.80         74.63           -164.26
1993.97         75.13           173.14
2002.17         75.66           150.78
2010.40         76.14           128.42
2018.67         76.61           105.77
2026.98         77.05           83.06
2035.32         77.49           60.13
2043.69         77.89           37.26
2052.09         78.26           14.24
2060.53         78.59           -8.76
2069.01         78.89           -31.80
2077.52         79.14           -54.88
2086.07         79.38           -78.12
2094.65         79.57           -101.33
2103.26         79.71           -124.72
2111.91         79.81           -148.06
2120.60         79.91           -171.28
2129.32         79.97           165.44
2138.08         80.00           142.10
2146.88         80.02           118.62
2155.71         80.00           95.03
2164.57         79.96           71.67
2173.48         79.90           48.36
2182.42         79.82           24.94
2191.40         79.71           1.43
2200.41         79.59           -21.94
2209.46         79.45           -45.47
2218.55         79.29           -69.09
2227.67         79.12           -92.89
2236.84         78.95           -116.72
2246.04         78.81           -140.70
2255.28         78.65           -164.83
2264.55         78.52           170.63
2273.87         78.41           145.65
2283.22         78.30           120.31
2292.61         78.18           94.51
2302.04         78.03           68.17
2311.51         77.88           41.09
2321.02         77.68           13.84
2330.57         77.49           -13.42
2340.15         77.34           -41.16
2349.78         77.22           -69.16
2359.44         77.14           -97.52
2369.15         77.13           -126.22
2378.89         77.15           -155.28
2388.68         77.20           175.25
2398.51         77.28           145.47
2408.37         77.39           115.60
2418.28         77.54           85.62
2428.22         77.74           55.63
2438.21         77.99           25.59
2448.24         78.24           -4.36
2458.31         78.47           -33.95
2468.42         78.73           -63.54
2478.58         79.01           -93.16
2488.77         79.34           -122.56
2499.01         79.71           -151.79
2509.29         80.07           179.10
2519.61         80.44           149.81
2529.97         80.75           120.33
2540.38         81.00           91.11
2550.83         81.19           61.98
2561.32         81.37           33.01
2571.86         81.54           4.27
2582.44         81.72           -24.45
2593.06         81.88           -53.13
2603.73         82.02           -82.06
2614.44         82.14           -111.18
2625.19         82.22           -140.30
2635.99         82.25           -169.47
2646.83         82.23           161.20
2657.72         82.16           132.00
2668.65         82.06           102.91
2679.63         81.93           73.85
2690.65         81.79           45.05
2701.72         81.67           16.22
2712.83         81.56           -12.79
2723.99         81.44           -42.21
2735.19         81.30           -71.91
2746.44         81.10           -102.00
2757.74         80.89           -132.34
2769.08         80.66           -162.78
2780.47         80.42           166.48
2791.91         80.21           135.51
2803.39         80.04           104.08
2814.93         79.90           72.23
2826.50         79.77           39.87
2838.13         79.67           6.73
2849.80         79.59           -26.88
2861.53         79.52           -61.11
2873.30         79.49           -95.89
2885.12         79.49           -131.10
2896.98         79.49           -166.61
2908.90         79.50           157.54
2920.87         79.54           121.62
2932.88         79.60           85.67
2944.94         79.69           49.53
2957.06         79.81           13.47
2969.22         79.93           -22.68
2981.43         80.06           -58.70
2993.70         80.17           -94.51
3006.01         80.28           -130.08
3018.38         80.39           -165.35
3030.79         80.48           159.62
3043.26         80.57           124.99
3055.78         80.63           90.48
3068.35         80.66           56.19
3080.97         80.66           22.08
3093.64         80.64           -11.78
3106.36         80.59           -45.35
3119.14         80.49           -78.79
3131.97         80.39           -111.88
3144.86         80.28           -144.74
3157.79         80.17           -177.50
3170.78         80.05           149.57
3183.82         79.92           116.37
3196.92         79.76           82.87
3210.07         79.56           49.30
3223.27         79.32           15.75
3236.53         79.07           -18.18
3249.84         78.81           -52.03
3263.21         78.56           -86.24
3276.63         78.32           -120.92
3290.11         78.08           -156.15
3303.64         77.84           168.18
3317.23         77.63           131.75
3330.88         77.42           94.60
3344.58         77.22           56.53
3358.34         77.02           17.73
3372.15         76.80           -21.59
3386.02         76.65           -61.30
3399.95         76.55           -101.50
3413.93         76.52           -141.99
3427.98         76.56           177.14
3442.08         76.67           136.04
3456.24         76.84           94.36
3470.45         77.07           52.67
3484.73         77.34           11.15
3499.06         77.61           -30.40
3513.45         77.90           -72.00
3527.91         78.15           -113.30
3542.42         78.40           -154.24
3556.99         78.65           165.39
3571.62         78.88           125.27
3586.31         79.09           85.30
3601.06         79.25           45.62
3615.87         79.37           6.21
3630.75         79.46           -33.14
3645.68         79.49           -72.33
3660.68         79.47           -111.29
3675.74         79.41           -149.95
3690.85         79.29           171.28
3706.04         79.11           132.57
3721.28         78.91           94.32
3736.59         78.69           56.32
3751.96         78.47           18.34
3767.39         78.23           -20.19
3782.89         77.93           -59.28
3798.45         77.59           -98.77
3814.07         77.22           -138.88
3829.76         76.85           179.96
3845.51         76.42           137.85
3861.33         75.99           94.50
3877.21         75.56           50.32
3893.16         75.19           5.15
3909.18         74.89           -41.06
3925.26         74.73           -87.79
3941.40         74.70           -135.44
3957.61         74.72           175.96
3973.89         74.76           126.81
3990.24         74.83           77.20
4006.65         74.94           27.77
4023.13         75.11           -21.30
4039.68         75.35           -70.20
4056.30         75.64           -118.70
4072.98         75.94           -166.56
4089.73         76.24           146.33
4106.56         76.51           100.43
4123.45         76.79           55.18
4140.41         77.04           10.70
4157.44         77.28           -33.10
4174.54         77.43           -76.64
4191.71         77.53           -119.68
4208.95         77.58           -162.28
4226.27         77.64           154.99
4243.65         77.66           112.44
4261.11         77.62           69.67
4278.63         77.54           26.23
4296.23         77.37           -17.24
4313.91         77.12           -60.89
4331.65         76.82           -104.54
4349.47         76.49           -148.68
4367.36         76.11           166.18
4385.32         75.66           119.39
4403.36         75.13           69.37
4421.47         74.49           14.49
4439.66         73.82           -42.20
4457.92         73.09           -98.22
4476.26         72.32           -154.27
4494.67         71.40           149.42
4513.16         70.43           92.92
4531.72         69.51           36.44
4550.36         68.73           -20.01
4569.08         68.23           -76.20
4587.87         68.01           -132.27
4606.75         68.09           171.92
4625.70         68.49           116.35
4644.72         69.07           61.59
4663.83         69.69           8.26
4683.01         70.31           -42.07
4702.27         70.91           -87.63
4721.62         71.43           -131.67
4741.04         71.91           -176.57
4760.54         72.31           138.22
4780.12         72.65           93.21
4799.78         72.89           47.94
4819.52         73.04           2.48
4839.35         73.14           -42.98
4859.25         73.16           -88.64
4879.24         73.17           -134.48
4899.31         73.14           179.40
4919.46         73.08           133.11
4939.70         72.95           85.93
4960.02         72.76           38.50
4980.42         72.49           -9.25
5000.91         72.14           -57.90
5021.48         71.72           -106.63
5042.13         71.18           -155.14
5062.87         70.57           153.19
5083.70         69.84           97.23
5104.61         69.09           40.09
5125.60         68.42           -19.44
5146.69         67.81           -78.98
5167.86         67.38           -139.38
5189.11         67.25           159.54
5210.46         67.36           97.61
5231.89         67.53           35.31
5253.41         68.00           -26.85
5275.02         68.67           -89.52
5296.72         69.40           -152.77
5318.50         70.01           144.04
5340.38         70.55           80.74
5362.35         71.04           16.89
5384.41         71.55           -44.17
5406.55         72.00           -101.56
5428.79         72.39           -158.30
5451.12         72.63           146.50
5473.54         72.79           90.85
5496.06         72.88           35.19
5518.67         72.88           -20.68
5541.37         72.78           -76.25
5564.16         72.61           -132.35
5587.05         72.35           171.20
5610.03         72.01           113.63
5633.10         71.58           54.35
5656.28         71.14           -6.79
5679.54         70.70           -69.44
5702.90         70.31           -133.83
5726.36         69.84           160.64
5749.92         69.36           94.34
5773.57         68.91           27.39
5797.32         68.67           -39.42
5821.16         68.64           -106.16
5845.11         68.94           -173.68
5869.15         69.23           118.46
5893.29         69.56           50.01
5917.53         69.92           -18.11
5941.87         70.38           -86.47
5966.31         70.76           -154.23
5990.86         71.09           139.17
6015.50         71.34           74.26
6040.24         71.52           10.53
6065.09         71.64           -52.24
6090.03         71.70           -114.74
6115.08         71.68           -177.44
6140.24         71.57           120.04
6165.49         71.44           57.18
6190.86         71.23           -7.37
6216.32         70.87           -72.20
6241.89         70.48           -138.83
6267.56         70.10           152.57
6293.34         69.74           82.15
6319.23         69.24           10.51
6345.22         68.82           -61.34
6371.32         68.43           -133.79
6397.53         68.23           153.16
6423.85         68.21           79.49
6450.27         68.26           5.50
6476.80         68.37           -68.35
6503.44         68.71           -141.83
6530.19         69.27           144.13
6557.05         69.73           69.43
6584.03         70.05           -4.58
6611.11         70.32           -78.13
6638.30         70.58           -149.97
6665.61         70.85           139.50
6693.02         71.00           69.71
6720.56         71.12           0.53
6748.20         71.13           -69.03
6775.96         71.10           -138.62
6803.83         70.97           151.27
6831.81         70.73           80.35
6859.92         70.44           8.92
6888.13         70.10           -64.71
6916.47         69.64           -139.26
6944.92         69.00           144.13
6973.48         68.34           66.96
7002.17         67.86           -11.11
7030.97         67.37           -90.24
7059.89         66.89           -169.89
7088.93         66.38           110.23
7118.09         66.15           30.37
7147.37         65.95           -49.38
7176.77         66.18           -128.99
7206.29         66.79           151.19
7235.93         67.42           71.03
7265.69         68.05           -8.57
7295.58         68.62           -88.54
7325.59         69.15           -167.45
7355.72         69.53           113.57
7385.98         69.83           36.38
7416.36         70.05           -40.64
7446.86         70.18           -117.82
7477.49         70.27           164.64
7508.25         70.31           86.13
7539.13         70.31           6.59
7570.15         70.27           -74.23
7601.28         70.24           -156.99
7632.55         70.21           118.84
7663.94         70.11           34.29
7695.47         70.20           -51.08
7727.12         70.34           -138.06
7758.91         70.50           134.74
7790.82         70.62           47.22
7822.87         70.80           -40.90
7855.05         70.97           -129.46
7887.36         71.12           141.54
7919.80         71.27           52.63
7952.38         71.42           -36.78
7985.09         71.49           -126.22
8017.93         71.59           144.67
8050.91         71.67           55.27
8084.03         71.70           -34.23
8117.28         71.66           -124.05
8150.67         71.62           145.91
8184.20         71.42           55.76
8217.86         71.23           -34.97
8251.66         71.01           -125.96
8285.60         70.84           142.19
8319.68         70.63           50.06
8353.91         70.41           -42.88
8388.27         70.18           -136.44
8422.77         69.98           129.71
8457.42         69.79           35.79
8492.21         69.71           -59.08
8527.14         69.58           -154.76
8562.21         69.44           109.88
8597.43         69.36           14.41
8632.79         69.34           -81.34
8668.30         69.29           -177.52
8703.96         69.29           86.24
8739.76         69.16           -9.79
8775.71         69.00           -106.07
8811.81         68.72           158.19
8848.05         68.46           62.01
8884.45         68.18           -34.31
8920.99         67.92           -130.46
8957.69         67.58           131.09
8994.54         67.22           35.71
9031.53         66.89           -41.58
9068.68         66.62           -119.26
9105.98         66.43           161.67
9143.44         66.33           83.05
9181.05         66.30           4.81
9218.82         66.26           -73.58
9256.74         66.15           -151.70
9294.81         66.22           130.61
9333.04         66.40           53.29
9371.43         66.54           -23.99
9409.98         66.72           -100.90
9448.69         66.85           -177.16
9487.55         66.97           106.88
9526.58         67.05           34.15
9565.76         67.08           -40.50
9605.11         67.09           -130.38
9644.62         67.14           141.93
9684.29         67.21           56.83
9724.13         67.31           -27.87
9764.12         67.35           -112.18
9804.29         67.52           163.66
9844.61         67.79           79.24
9885.11         67.94           -5.13
9925.77         68.05           -89.93
9966.60         68.26           -174.98
10007.59        68.32           100.22
10048.76        68.40           15.60
10090.09        68.50           -69.39
10131.59        68.62           -155.14
10173.27        68.76           119.01
10215.12        68.86           31.59
10257.13        68.91           -56.70
10299.32        68.98           -145.92
10341.69        69.03           124.89
10384.23        69.08           35.40
10426.94        69.03           -54.65
10469.83        68.93           -144.53
10512.90        68.86           125.48
10556.14        68.70           35.32
10599.56        68.49           -55.03
10643.16        68.42           -145.58
10686.94        68.32           123.50
10730.90        68.20           33.11
10775.04        68.12           -57.82
10819.36        68.08           -149.63
10863.86        68.07           118.53
10908.55        68.01           25.81
10953.42        67.89           -67.78
10998.47        67.71           -161.47
11043.71        67.45           104.94
11089.14        67.10           11.62
11134.75        66.78           -82.37
11180.55        66.43           -176.37
11226.54        66.17           89.34
11272.72        65.86           -4.72
11319.09        65.54           -98.81
11365.65        65.35           166.90
11412.40        65.21           71.76
11459.34        65.11           -23.07
11506.48        64.99           -118.84
11553.81        64.87           144.96
11601.33        64.80           48.49
11649.05        64.70           -48.48
11696.97        64.64           -145.49
11745.08        64.57           116.97
11793.39        64.55           18.36
11841.90        64.45           -80.34
11890.61        64.28           -179.35
11939.52        64.11           81.35
11988.63        64.03           -18.41
12037.95        63.98           -118.21
12087.46        63.91           141.25
12137.18        63.83           40.11
12187.11        63.84           -61.30
12237.24        63.77           -162.23
12287.57        63.74           95.41
12338.12        63.76           -8.28
12388.87        63.67           -111.22
12439.83        63.45           143.56
12490.99        63.15           36.60
12542.37        62.92           -68.27
12593.96        62.59           -171.68
12645.77        62.37           84.57
12697.78        62.23           -18.99
12750.01        62.19           -122.44
12802.46        62.05           132.10
12855.12        61.95           26.77
12908.00        62.07           -78.83
12961.09        61.90           169.11
13014.40        61.85           36.44
13067.94        61.74           -81.91
13121.69        61.58           170.47
13175.66        61.30           52.32
13229.86        61.20           -53.62
13284.28        61.30           -158.70
13338.92        61.42           94.31
13393.79        61.71           -14.71
13448.88        62.08           -125.42
13504.20        62.36           122.58
13559.75        62.43           8.54
13615.52        62.49           -104.48
13671.53        62.54           142.76
13727.76        62.51           29.93
13784.23        62.77           -78.14
13840.93        63.01           -167.14
13897.86        63.33           88.04
13955.03        63.68           -27.44
14012.43        64.05           -135.14
14070.06        64.37           104.79
14127.94        64.51           -15.21
14186.05        64.60           -136.84
14244.40        64.63           101.54
14303.00        64.58           -19.84
14361.83        64.49           -141.65
14420.90        64.49           97.38
14480.22        64.65           -24.21
14539.78        64.82           -148.60
14599.59        64.98           86.01
14659.64        64.93           -40.26
14719.94        64.86           -167.29
14780.49        64.64           66.62
14841.29        64.31           -45.01
14902.33        63.99           -170.40
14963.63        63.65           65.06
15025.18        63.43           -61.61
15086.98        63.33           156.75
15149.04        63.21           4.25
15211.35        63.08           -136.94
15273.92        63.04           92.16
15336.75        62.82           -59.36
15399.83        62.42           156.25
15463.18        62.01           2.55
15526.78        61.43           -105.06
15590.65        61.10           117.29
15654.78        60.80           -21.62
15719.17        60.63           -153.66
15783.83        60.60           57.33
15848.75        60.53           -14.15
15913.95        60.35           -72.61
15979.40        60.21           -177.87
16045.13        60.05           95.03
16111.13        59.77           57.27
16177.40        59.62           59.43
16243.95        59.34           118.23
16310.76        59.40           -142.00
16377.85        59.42           -10.80
16445.22        59.41           173.05
16512.87        59.44           -65.96
16580.79        59.43           68.46
16648.99        59.36           -119.63
16717.47        59.34           38.59
16786.23        59.21           -153.73
16855.28        59.24           -31.08
16924.61        59.29           78.37
16994.23        59.32           -126.31
17064.13        59.27           70.78
17134.32        59.22           -115.64
17204.80        59.19           -20.68
17275.57        59.30           23.75
17346.63        59.27           42.17
17417.98        59.38           -15.40
17489.63        59.31           -106.07
17561.57        59.42           -123.89
17633.80        59.48           -124.23
17706.34        59.48           -179.64
17779.17        59.48           160.29
17852.30        59.57           174.93
17925.73        59.72           -162.96
17999.47        59.76           -149.99
18073.50        59.83           -118.38
18147.85        59.80           -127.98
18222.49        59.91           -158.02
18297.45        60.06           -147.92
18372.71        60.13           -78.68
18448.29        60.33           19.30
18524.17        60.35           140.15
18600.36        60.56           -116.70
18676.87        60.59           -50.63
18753.70        60.62           48.93
18830.84        60.61           169.98
18908.29        60.77           -121.41
18986.07        60.79           -125.51
19064.17        60.75           169.71
19142.58        60.81           113.61
19221.32        60.83           9.82
19300.38        60.85           -152.00
19379.77        60.85           1.54
19459.49        60.74           145.42
19539.53        60.67           -146.33
19619.90        60.53           -110.61
19700.61        60.48           -55.46
19781.64        60.29           16.57
19863.01        60.21           70.55
19944.71        60.12           75.62
20026.75        60.12           161.68
20109.13        59.97           30.99
20191.84        59.96           -154.30
20274.90        59.92           -1.17
20358.29        59.76           163.16
20442.04        59.68           -6.02
20526.12        59.67           -121.64
20610.55        59.63           -174.82
20695.33        59.63           142.76
20780.45        59.59           87.30
20865.93        59.55           52.37
20951.76        59.55           -45.80
21037.94        59.51           -152.75
21124.47        59.46           79.93
21211.37        59.43           -37.54
21298.62        59.37           -115.19
21386.22        59.39           118.40
21474.19        59.36           112.42
21562.52        59.33           173.32
21651.22        59.44           -101.58
21740.28        59.40           -11.13
21829.70        59.41           73.98
21919.49        59.42           157.94
22009.65        59.39           -171.04
22100.19        59.44           -167.79
22191.09        59.53           -114.63
22282.37        59.57           14.27
22374.03        59.67           137.89
22466.06        59.69           -59.29
22558.47        59.73           150.21
22651.26        59.71           -73.77
22744.43        59.75           4.73
22837.98        59.76           26.70
22931.92        59.76           27.36
23026.25        59.79           64.98
23120.96        59.87           95.14
23216.07        59.88           165.71
23311.56        59.92           -162.25
23407.45        59.99           -28.62
23503.73        60.00           134.19
23600.41        60.00           -136.99
23697.49        59.98           -115.04
23794.96        59.97           -104.75
23892.84        60.06           27.73
23991.12        60.12           143.34
24089.80        60.17           -109.39
24188.89        60.20           2.21
24288.39        60.30           -171.76
24388.29        60.33           108.97
24488.61        60.31           -15.29
24589.34        60.30           -166.90
24690.48        60.36           -50.92
24792.04        60.41           86.18
24894.02        60.43           122.91
24996.42        60.52           178.55
25099.24        60.54           -80.21
25202.48        60.61           80.63
25306.14        60.66           -60.43
25410.23        60.64           89.29
25514.75        60.68           -92.12
25619.71        60.74           -43.42
25725.09        60.70           -16.05
25830.90        60.70           -68.30
25937.15        60.69           -146.00
26043.84        60.72           32.76
26150.97        60.75           -144.05
26258.53        60.74           118.52
26366.54        60.73           72.17
26475.00        60.79           123.78
26583.90        60.73           139.07
26693.24        60.75           119.12
26803.04        60.82           149.05
26913.29        60.79           130.60
27023.99        60.84           17.20
27135.15        60.87           161.12
27246.77        60.85           60.75
27358.84        60.85           -49.08
27471.38        60.88           154.31
27584.38        60.97           -93.46
27697.84        60.99           51.15
27811.77        60.99           -166.09
27926.17        61.04           -35.12
28041.04        61.08           58.40
28156.38        61.04           40.89
28272.19        61.17           -16.11
28388.49        61.21           -104.56
28505.26        61.14           127.32
28622.51        61.24           -42.75
28740.24        61.22           161.22
28858.46        61.25           70.76
28977.16        61.27           -29.34
29096.36        61.29           -29.55
29216.04        61.28           83.73
29336.21        61.27           -174.84
29456.88        61.32           -126.13
29578.05        61.38           2.27
29699.71        61.36           -148.62
29821.88        61.33           -10.87
29944.54        61.38           174.79
30067.71        61.34           67.30
30191.39        61.32           28.77
30315.58        61.36           11.13
30440.28        61.27           133.33
30565.49        61.34           -77.27
30691.21        61.31           115.34
30817.46        61.33           -123.46
30944.22        61.35           -92.64
31071.50        61.40           -109.11
31199.31        61.39           -121.85
31327.64        61.43           -85.57
31456.50        61.44           -135.05
31585.89        61.50           153.89
31715.81        61.56           167.86
31846.27        61.57           -119.23
31977.26        61.62           28.52
32108.80        61.68           -175.14
32240.87        61.68           39.92
32373.49        61.77           142.39
32506.65        61.72           -91.51
32640.36        61.77           4.66
32774.62        61.75           170.56
32909.43        61.84           -19.37
33044.80        61.84           -151.30
33180.72        61.91           141.74
33317.21        61.92           -156.25
33454.25        61.98           -4.05
33591.86        61.97           7.00
33730.04        62.02           -39.46
33868.78        62.12           -140.07
34008.09        62.05           -0.77
34147.98        62.05           57.88
34288.44        62.11           68.32
34429.48        62.16           -116.82
34571.10        62.22           111.39
34713.30        62.26           -99.93
34856.09        62.33           -19.71
34999.46        62.30           78.36
35143.43        62.37           -9.64
35287.98        62.40           -25.43
35433.13        62.48           -48.02
35578.88        62.49           -48.47
35725.23        62.63           53.50
35872.18        62.63           179.38
36019.73        62.74           60.52
36167.89        62.77           19.27
36316.66        62.80           -50.37
36466.04        62.79           169.82
36616.04        62.77           4.37
36766.65        62.83           156.13
36917.89        62.86           -14.94
37069.74        62.88           -139.81
37222.22        62.95           179.33
37375.33        63.00           -103.49
37529.07        63.00           -158.87
37683.43        62.97           -9.55
37838.44        63.04           86.22
37994.08        62.98           152.11
38150.36        63.02           -141.22
38307.29        62.93           -163.66
38464.86        63.02           100.44
38623.07        63.03           138.95
38781.94        63.07           -176.73
38941.46        63.16           96.70
39101.64        63.17           -50.59
39262.48        63.19           111.15
39423.98        63.30           -136.20
39586.14        63.32           -103.54
39748.98        63.34           -91.97
39912.48        63.38           -153.93
40076.65        63.42           123.24
40241.50        63.46           5.82
40407.02        63.47           -47.75
40573.23        63.52           -60.14
40740.12        63.60           -81.86
40907.70        63.62           -151.84
41075.96        63.67           16.61
41244.92        63.81           -179.18
41414.57        63.84           -91.67
41584.93        63.90           -65.78
41755.98        63.95           31.70
41927.73        63.95           -42.37
42100.19        63.99           -120.85
42273.36        64.00           -144.58
42447.25        64.04           -74.43
42621.84        64.16           120.18
42797.16        64.26           -9.70
42973.20        64.35           -107.80
43149.96        64.47           85.73
43327.45        64.52           -29.51
43505.67        64.57           -155.28
43684.62        64.64           129.46
43864.31        64.63           72.56
44044.74        64.65           141.17
44225.91        64.68           -20.04
44407.82        64.72           -136.45
44590.49        64.81           -65.26
