Freq[Hz]        [dBSPL]         Phase[Deg]
10.00           106.36          -150.90
10.04           106.47          -149.99
10.08           106.57          -149.16
10.12           106.67          -148.43
10.17           106.76          -147.77
10.21           106.84          -147.19
10.25           106.92          -146.68
10.29           106.99          -146.25
10.33           107.15          -144.97
10.38           107.29          -143.92
10.42           107.42          -143.07
10.46           107.53          -142.42
10.50           107.63          -141.96
10.55           107.71          -141.69
10.59           107.78          -141.58
10.64           107.84          -141.62
10.68           107.89          -141.79
10.72           107.92          -142.06
10.77           107.94          -142.43
10.81           107.95          -142.87
10.86           107.96          -143.36
10.90           107.95          -143.88
10.95           107.93          -144.41
10.99           107.91          -144.93
11.04           107.88          -145.41
11.08           107.84          -145.83
11.13           107.80          -146.16
11.17           107.75          -146.39
11.22           107.70          -146.49
11.26           107.65          -146.43
11.31           107.59          -146.19
11.36           107.53          -145.74
11.40           107.47          -145.05
11.45           107.41          -144.09
11.50           107.35          -142.85
11.55           107.30          -141.31
11.59           107.25          -139.44
11.64           107.20          -137.25
11.69           107.15          -134.71
11.74           107.11          -131.84
11.78           107.08          -128.62
11.83           107.04          -125.07
11.88           107.02          -121.19
11.93           106.99          -117.00
11.98           106.97          -112.52
12.03           106.95          -107.78
12.08           106.93          -102.79
12.13           106.92          -97.60
12.18           106.90          -92.24
12.23           106.89          -86.74
12.28           106.87          -81.16
12.33           106.85          -75.53
12.38           106.82          -69.89
12.43           106.79          -64.28
12.48           106.75          -58.75
12.53           106.70          -53.34
12.58           106.65          -48.10
12.64           106.59          -43.07
12.69           106.51          -38.30
12.74           106.43          -33.84
12.79           106.33          -29.73
12.85           106.21          -26.04
12.90           106.08          -22.81
12.95           105.94          -20.08
13.00           105.78          -17.89
13.06           105.60          -16.26
13.11           105.40          -15.23
13.17           105.18          -14.81
13.22           104.95          -15.02
13.27           104.70          -15.85
13.33           104.42          -17.32
13.38           104.13          -19.41
13.44           103.82          -22.12
13.49           103.50          -25.41
13.55           103.15          -29.26
13.61           102.79          -33.64
13.66           102.41          -38.50
13.72           102.02          -43.79
13.77           101.62          -49.47
13.83           101.20          -55.49
13.89           100.78          -61.79
13.94           100.35          -68.33
14.00           99.92           -75.05
14.06           99.49           -81.90
14.12           99.05           -88.82
14.18           98.62           -95.75
14.23           98.19           -102.64
14.29           97.77           -109.43
14.35           97.36           -116.05
14.41           96.96           -122.47
14.47           96.57           -128.64
14.53           96.21           -134.53
14.59           95.86           -140.10
14.65           95.54           -145.33
14.71           95.24           -150.20
14.77           94.97           -154.72
14.83           94.72           -158.86
14.89           94.50           -162.65
14.95           94.31           -166.08
15.01           94.15           -169.19
15.08           94.01           -172.00
15.14           93.91           -174.54
15.20           93.83           -176.86
15.26           93.77           -179.01
15.33           93.74           178.98
15.39           93.73           177.05
15.45           93.75           175.15
15.52           93.78           173.23
15.58           93.84           171.25
15.64           93.91           169.14
15.71           94.00           166.86
15.77           94.10           164.36
15.84           94.22           161.58
15.90           94.35           158.50
15.97           94.49           155.08
16.03           94.64           151.28
16.10           94.79           147.09
16.17           94.96           142.49
16.23           95.12           137.46
16.30           95.29           132.01
16.37           95.46           126.14
16.43           95.62           119.85
16.50           95.78           113.16
16.57           95.94           106.09
16.64           96.08           98.67
16.70           96.22           90.94
16.77           96.34           82.94
16.84           96.45           74.70
16.91           96.54           66.27
16.98           96.61           57.69
17.05           96.66           49.00
17.12           96.69           40.24
17.19           96.70           31.46
17.26           96.67           22.70
17.33           96.63           13.98
17.40           96.55           5.35
17.48           96.45           -3.18
17.55           96.31           -11.58
17.62           96.15           -19.84
17.69           95.96           -27.94
17.77           95.74           -35.88
17.84           95.49           -43.66
17.91           95.21           -51.27
17.99           94.91           -58.73
18.06           94.57           -66.05
18.13           94.21           -73.25
18.21           93.83           -80.35
18.28           93.43           -87.38
18.36           93.01           -94.36
18.43           92.58           -101.33
18.51           92.13           -108.31
18.59           91.69           -115.34
18.66           91.24           -122.44
18.74           90.79           -129.63
18.82           90.35           -136.93
18.89           89.92           -144.37
18.97           89.50           -151.97
19.05           89.11           -159.74
19.13           88.73           -167.68
19.21           88.38           -175.81
19.29           88.05           175.86
19.37           87.75           167.33
19.44           87.48           158.61
19.52           87.23           149.69
19.61           87.01           140.58
19.69           86.81           131.29
19.77           86.63           121.84
19.85           86.47           112.23
19.93           86.32           102.47
20.01           86.18           92.59
20.09           86.05           82.60
20.18           85.93           72.52
20.26           85.81           62.36
20.34           85.70           52.17
20.43           85.58           41.96
20.51           85.47           31.77
20.59           85.35           21.64
20.68           85.23           11.60
20.76           85.11           1.71
20.85           84.98           -8.00
20.94           84.85           -17.47
21.02           84.72           -26.64
21.11           84.59           -35.46
21.20           84.46           -43.86
21.28           84.33           -51.78
21.37           84.20           -59.14
21.46           84.07           -65.89
21.55           83.95           -71.95
21.63           83.83           -77.29
21.72           83.73           -81.86
21.81           83.63           -85.64
21.90           83.54           -88.61
21.99           83.46           -90.77
22.08           83.38           -92.13
22.17           83.32           -92.70
22.27           83.26           -92.51
22.36           83.20           -91.61
22.45           83.16           -90.06
22.54           83.11           -87.93
22.63           83.06           -85.29
22.73           83.01           -82.25
22.82           82.96           -78.90
22.91           82.89           -75.37
23.01           82.82           -71.73
23.10           82.73           -68.10
23.20           82.63           -64.53
23.29           82.50           -61.12
23.39           82.36           -57.92
23.49           82.18           -54.99
23.58           81.98           -52.38
23.68           81.75           -50.12
23.78           81.49           -48.26
23.87           81.19           -46.79
23.97           80.85           -45.74
24.07           80.47           -45.10
24.17           80.04           -44.86
24.27           79.57           -45.00
24.37           79.05           -45.49
24.47           78.47           -46.30
24.57           77.84           -47.39
24.67           77.15           -48.73
24.77           76.40           -50.27
24.88           75.58           -51.97
24.98           74.68           -53.79
25.08           73.72           -55.67
25.18           72.67           -57.57
25.29           71.54           -59.43
25.39           70.33           -61.19
25.50           69.05           -62.78
25.60           67.70           -64.14
25.71           66.31           -65.21
25.81           64.92           -65.92
25.92           63.61           -66.21
26.02           62.48           -66.04
26.13           61.66           -65.39
26.24           61.29           -64.22
26.35           61.46           -62.53
26.45           62.15           -60.32
26.56           63.23           -57.61
26.67           64.54           -54.41
26.78           65.94           -50.76
26.89           67.31           -46.71
27.00           68.58           -42.33
27.11           69.69           -37.70
27.23           70.62           -32.88
27.34           71.38           -27.97
27.45           71.99           -23.05
27.56           72.45           -18.17
27.68           72.81           -13.40
27.79           73.07           -8.78
27.90           73.25           -4.34
28.02           73.37           -0.11
28.14           73.43           3.90
28.25           73.43           7.69
28.37           73.36           11.27
28.48           73.20           14.67
28.60           72.96           17.92
28.72           72.61           21.06
28.84           72.16           24.17
28.96           71.61           27.30
29.07           71.00           30.53
29.19           70.36           33.93
29.31           69.73           37.56
29.43           69.16           41.50
29.56           68.68           45.83
29.68           68.33           50.61
29.80           68.11           55.92
29.92           68.00           61.85
30.04           67.98           68.46
30.17           68.02           75.80
30.29           68.10           83.90
30.42           68.17           92.75
30.54           68.24           102.33
30.67           68.30           112.58
30.79           68.32           123.42
30.92           68.31           134.75
31.05           68.27           146.42
31.18           68.19           158.27
31.30           68.07           170.11
31.43           67.91           -178.30
31.56           67.69           -167.15
31.69           67.43           -156.68
31.82           67.12           -147.06
31.95           66.77           -138.49
32.08           66.38           -131.11
32.22           65.96           -125.02
32.35           65.51           -120.28
32.48           65.03           -116.94
32.62           64.54           -114.97
32.75           64.05           -114.32
32.88           63.55           -114.89
33.02           63.05           -116.57
33.16           62.57           -119.18
33.29           62.10           -122.56
33.43           61.65           -126.48
33.57           61.24           -130.75
33.70           60.87           -135.16
33.84           60.54           -139.53
33.98           60.28           -143.68
34.12           60.09           -147.45
34.26           60.00           -150.69
34.40           60.02           -153.26
34.54           60.17           -155.09
34.69           60.45           -156.13
34.83           60.86           -156.38
34.97           61.40           -155.87
35.12           62.02           -154.66
35.26           62.69           -152.84
35.41           63.37           -150.52
35.55           64.03           -147.86
35.70           64.64           -145.02
35.84           65.17           -142.18
35.99           65.62           -139.49
36.14           66.00           -137.11
36.29           66.30           -135.15
36.44           66.54           -133.73
36.59           66.73           -132.95
36.74           66.86           -132.82
36.89           66.95           -133.36
37.04           66.99           -134.52
37.19           67.00           -136.22
37.35           66.95           -138.37
37.50           66.87           -140.89
37.65           66.75           -143.67
37.81           66.59           -146.63
37.97           66.41           -149.67
38.12           66.23           -152.71
38.28           66.05           -155.71
38.44           65.89           -158.70
38.59           65.74           -161.71
38.75           65.61           -164.78
38.91           65.49           -167.96
39.07           65.37           -171.29
39.23           65.26           -174.81
39.39           65.14           -178.55
39.56           65.02           177.47
39.72           64.89           173.27
39.88           64.76           168.92
40.05           64.63           164.53
40.21           64.51           160.20
40.38           64.43           156.01
40.54           64.39           152.08
40.71           64.43           148.48
40.88           64.55           145.29
41.04           64.77           142.58
41.21           65.07           140.38
41.38           65.41           138.66
41.55           65.77           137.35
41.72           66.10           136.40
41.90           66.41           135.74
42.07           66.68           135.29
42.24           66.93           134.95
42.42           67.14           134.63
42.59           67.33           134.24
42.76           67.51           133.72
42.94           67.68           133.05
43.12           67.85           132.22
43.29           68.03           131.24
43.47           68.21           130.10
43.65           68.41           128.82
43.83           68.63           127.45
44.01           68.86           126.02
44.19           69.11           124.55
44.37           69.35           123.05
44.56           69.58           121.52
44.74           69.80           119.95
44.92           69.99           118.34
45.11           70.16           116.68
45.29           70.31           114.97
45.48           70.44           113.19
45.67           70.55           111.35
45.86           70.64           109.46
46.04           70.72           107.53
46.23           70.77           105.60
46.42           70.80           103.68
46.61           70.81           101.81
46.81           70.81           100.01
47.00           70.78           98.33
47.19           70.76           96.79
47.39           70.74           95.42
47.58           70.72           94.21
47.78           70.71           93.17
47.97           70.71           92.27
48.17           70.73           91.48
48.37           70.75           90.73
48.57           70.77           89.98
48.77           70.80           89.15
48.97           70.82           88.19
49.17           70.85           87.05
49.37           70.88           85.72
49.58           70.91           84.16
49.78           70.95           82.37
49.98           70.99           80.36
50.19           71.05           78.15
50.40           71.13           75.78
50.60           71.23           73.29
50.81           71.35           70.73
51.02           71.49           68.16
51.23           71.64           65.65
51.44           71.80           63.28
51.65           71.97           61.10
51.86           72.13           59.15
52.08           72.29           57.45
52.29           72.44           55.99
52.51           72.59           54.74
52.72           72.73           53.67
52.94           72.86           52.71
53.16           72.98           51.84
53.38           73.09           51.00
53.60           73.18           50.19
53.82           73.27           49.39
54.04           73.35           48.57
54.26           73.43           47.75
54.48           73.49           46.89
54.71           73.54           45.96
54.93           73.58           44.91
55.16           73.61           43.71
55.39           73.62           42.34
55.61           73.61           40.78
55.84           73.58           39.03
56.07           73.52           37.12
56.30           73.44           35.10
56.53           73.35           33.00
56.77           73.26           30.85
57.00           73.17           28.67
57.23           73.10           26.45
57.47           73.08           24.20
57.71           73.11           21.90
57.94           73.20           19.55
58.18           73.36           17.17
58.42           73.56           14.82
58.66           73.78           12.55
58.90           74.01           10.41
59.15           74.23           8.47
59.39           74.43           6.75
59.63           74.63           5.26
59.88           74.82           3.99
60.12           75.01           2.91
60.37           75.20           2.00
60.62           75.38           1.24
60.87           75.55           0.61
61.12           75.70           0.11
61.37           75.83           -0.28
61.62           75.92           -0.57
61.88           75.99           -0.80
62.13           76.04           -1.04
62.39           76.09           -1.35
62.64           76.14           -1.81
62.90           76.22           -2.49
63.16           76.32           -3.40
63.42           76.45           -4.57
63.68           76.60           -5.97
63.94           76.76           -7.59
64.21           76.94           -9.38
64.47           77.13           -11.34
64.74           77.33           -13.46
65.00           77.52           -15.72
65.27           77.71           -18.13
65.54           77.88           -20.69
65.81           78.02           -23.37
66.08           78.14           -26.15
66.35           78.24           -29.01
66.62           78.32           -31.92
66.90           78.39           -34.84
67.17           78.47           -37.77
67.45           78.56           -40.68
67.73           78.67           -43.58
68.00           78.79           -46.45
68.28           78.92           -49.30
68.56           79.05           -52.12
68.85           79.17           -54.93
69.13           79.26           -57.75
69.41           79.34           -60.59
69.70           79.41           -63.51
69.99           79.48           -66.53
70.27           79.56           -69.69
70.56           79.65           -73.00
70.85           79.74           -76.46
71.14           79.83           -80.06
71.44           79.91           -83.76
71.73           79.97           -87.53
72.03           80.02           -91.34
72.32           80.04           -95.17
72.62           80.03           -98.97
72.92           79.99           -102.73
73.22           79.95           -106.42
73.52           79.88           -110.02
73.82           79.81           -113.55
74.13           79.72           -117.01
74.43           79.61           -120.41
74.74           79.48           -123.76
75.04           79.32           -127.09
75.35           79.13           -130.43
75.66           78.90           -133.80
75.97           78.64           -137.22
76.29           78.33           -140.67
76.60           77.98           -144.09
76.92           77.59           -147.39
77.23           77.15           -150.47
77.55           76.67           -153.29
77.87           76.16           -155.84
78.19           75.63           -158.19
78.51           75.09           -160.42
78.83           74.55           -162.61
79.16           74.02           -164.77
79.48           73.51           -166.83
79.81           73.03           -168.67
80.14           72.58           -170.16
80.47           72.15           -171.21
80.80           71.76           -171.84
81.13           71.39           -172.14
81.47           71.05           -172.31
81.80           70.73           -172.50
82.14           70.43           -172.81
82.47           70.14           -173.22
82.81           69.85           -173.56
83.15           69.55           -173.68
83.50           69.21           -173.51
83.84           68.82           -173.12
84.19           68.39           -172.82
84.53           67.91           -172.87
84.88           67.42           -173.41
85.23           66.98           -174.35
85.58           66.61           -175.34
85.93           66.35           -175.95
86.28           66.20           -175.89
86.64           66.15           -175.04
87.00           66.19           -173.56
87.35           66.31           -171.75
87.71           66.49           -169.94
88.07           66.70           -168.44
88.44           66.90           -167.39
88.80           67.08           -166.79
89.16           67.22           -166.48
89.53           67.32           -166.21
89.90           67.40           -165.77
90.27           67.46           -165.18
90.64           67.51           -164.65
91.01           67.53           -164.56
91.39           67.54           -165.27
91.76           67.53           -166.94
92.14           67.49           -169.50
92.52           67.45           -172.70
92.90           67.41           -176.21
93.28           67.39           -179.76
93.67           67.40           176.79
94.05           67.45           173.52
94.44           67.51           170.42
94.83           67.56           167.45
95.22           67.60           164.54
95.61           67.59           161.57
96.00           67.56           158.45
96.40           67.50           155.19
96.79           67.43           151.90
97.19           67.38           148.76
97.59           67.38           145.86
97.99           67.42           143.20
98.40           67.49           140.68
98.80           67.56           138.18
99.21           67.58           135.59
99.62           67.50           132.89
100.03          67.32           130.07
100.44          67.09           127.14
100.85          66.83           124.18
101.26          66.61           121.29
101.68          66.45           118.61
102.10          66.37           116.19
102.52          66.36           113.91
102.94          66.38           111.53
103.36          66.39           108.82
103.79          66.36           105.83
104.22          66.27           102.79
104.65          66.13           100.00
105.08          65.93           97.55
105.51          65.73           95.27
105.94          65.56           92.87
106.38          65.46           90.10
106.82          65.43           86.84
107.25          65.44           83.03
107.70          65.48           78.76
108.14          65.52           74.17
108.58          65.57           69.53
109.03          65.62           65.09
109.48          65.70           61.01
109.93          65.76           57.26
110.38          65.77           53.56
110.84          65.74           49.45
111.29          65.67           44.50
111.75          65.60           38.54
112.21          65.54           31.73
112.67          65.53           24.43
113.13          65.58           16.98
113.60          65.68           9.74
114.07          65.85           3.00
114.54          66.09           -3.06
115.01          66.39           -8.54
115.48          66.69           -13.85
115.95          66.93           -19.41
116.43          67.11           -25.45
116.91          67.26           -32.00
117.39          67.42           -38.90
117.87          67.61           -45.91
118.36          67.85           -52.69
118.85          68.14           -58.94
119.33          68.45           -64.52
119.83          68.74           -69.51
120.32          68.96           -74.12
120.81          69.12           -78.66
121.31          69.24           -83.52
121.81          69.35           -88.98
122.31          69.44           -94.95
122.81          69.54           -101.02
123.32          69.66           -106.75
123.83          69.79           -111.98
124.34          69.92           -116.80
124.85          70.03           -121.37
125.36          70.11           -125.81
125.88          70.16           -130.22
126.39          70.19           -134.74
126.91          70.19           -139.49
127.44          70.21           -144.48
127.96          70.27           -149.62
128.49          70.38           -154.72
129.01          70.51           -159.56
129.55          70.63           -164.03
130.08          70.69           -168.16
130.61          70.71           -172.23
131.15          70.69           -176.55
131.69          70.65           178.74
132.23          70.61           173.86
132.78          70.61           169.17
133.32          70.63           164.88
133.87          70.65           160.93
134.42          70.64           157.10
134.97          70.58           153.33
135.53          70.49           149.65
136.09          70.37           146.02
136.65          70.24           142.35
137.21          70.09           138.49
137.77          69.93           134.45
138.34          69.79           130.40
138.91          69.65           126.62
139.48          69.51           123.26
140.05          69.35           120.33
140.63          69.17           117.58
141.21          68.94           114.64
141.79          68.68           111.33
142.37          68.42           107.77
142.96          68.21           104.37
143.55          68.04           101.32
144.14          67.89           98.63
144.73          67.73           96.18
145.32          67.52           93.85
145.92          67.28           91.53
146.52          67.00           89.19
147.13          66.72           86.78
147.73          66.47           84.30
148.34          66.27           81.83
148.95          66.12           79.62
149.56          65.97           77.89
150.18          65.79           76.73
150.79          65.55           75.82
151.41          65.29           74.49
152.04          65.04           72.43
152.66          64.81           70.03
153.29          64.61           67.89
153.92          64.43           66.26
154.55          64.25           65.12
155.19          64.05           64.36
155.83          63.83           63.66
156.47          63.58           62.79
157.11          63.33           61.70
157.76          63.15           60.54
158.41          63.06           59.48
159.06          63.05           58.53
159.71          63.05           57.60
160.37          63.02           56.73
161.03          62.94           56.21
161.69          62.81           55.99
162.36          62.65           55.70
163.03          62.53           55.15
163.70          62.46           54.46
164.37          62.43           53.90
165.05          62.42           53.50
165.72          62.42           52.99
166.41          62.43           52.29
167.09          62.42           51.58
167.78          62.36           51.05
168.47          62.23           50.72
169.16          62.06           50.38
169.86          61.93           49.60
170.56          61.86           48.18
171.26          61.86           46.34
171.96          61.92           44.65
172.67          62.03           43.78
173.38          62.25           43.54
174.09          62.68           42.57
174.81          63.31           40.14
175.53          63.75           37.50
176.25          63.93           36.01
176.97          64.02           35.27
177.70          64.06           34.40
178.43          64.07           33.30
179.17          64.08           31.91
179.90          64.11           29.84
180.64          64.19           27.45
181.39          64.34           25.68
182.13          64.53           24.82
182.88          64.65           24.24
183.63          64.68           22.99
184.39          64.64           20.95
185.15          64.47           19.12
185.91          64.11           18.04
186.67          63.84           17.03
187.44          63.83           15.67
188.21          63.86           14.20
188.99          63.84           12.60
189.76          63.82           10.43
190.55          63.89           7.77
191.33          64.00           5.53
192.12          64.05           4.01
192.91          63.97           2.37
193.70          63.82           0.11
194.50          63.76           -2.48
195.30          63.78           -4.90
196.10          63.72           -6.85
196.91          63.57           -8.33
197.72          63.43           -9.54
198.53          63.31           -11.17
199.35          63.20           -13.52
200.17          63.17           -15.81
200.99          63.15           -17.44
201.82          63.05           -18.62
202.65          62.83           -19.98
203.48          62.59           -21.85
204.32          62.45           -23.62
205.16          62.40           -24.43
206.00          62.34           -24.09
206.85          62.18           -23.10
207.70          61.99           -22.26
208.55          62.04           -21.89
209.41          62.30           -21.74
210.27          62.57           -21.56
211.14          62.79           -21.61
212.01          63.01           -22.19
212.88          63.29           -23.06
213.75          63.63           -23.99
214.63          63.97           -24.99
215.52          64.26           -25.91
216.40          64.50           -26.75
217.29          64.75           -27.95
218.19          64.98           -29.86
219.08          65.16           -32.65
219.99          65.33           -36.21
220.89          65.53           -40.04
221.80          65.72           -43.81
222.71          65.76           -47.64
223.63          65.73           -51.67
224.55          65.75           -55.46
225.47          65.80           -58.57
226.40          65.78           -61.40
227.33          65.67           -64.18
228.26          65.55           -67.03
229.20          65.49           -69.84
230.15          65.44           -72.16
231.09          65.34           -74.38
232.04          65.23           -76.94
233.00          65.25           -79.65
233.96          65.29           -81.63
234.92          65.21           -82.80
235.88          65.00           -84.18
236.86          64.90           -85.98
237.83          64.96           -87.65
238.81          65.00           -88.66
239.79          64.93           -89.84
240.78          64.88           -91.72
241.77          64.98           -93.84
242.76          65.12           -95.84
243.76          65.21           -97.62
244.76          65.26           -99.60
245.77          65.33           -101.76
246.78          65.42           -103.74
247.80          65.45           -105.65
248.81          65.42           -108.36
249.84          65.54           -111.96
250.87          65.76           -115.08
251.90          65.87           -117.36
252.93          65.87           -120.51
253.97          65.85           -124.02
255.02          65.88           -126.67
256.07          65.85           -129.31
257.12          65.82           -132.53
258.18          65.82           -135.65
259.24          65.78           -138.52
260.31          65.72           -141.77
261.38          65.67           -145.08
262.45          65.60           -148.26
263.53          65.51           -151.26
264.62          65.45           -153.90
265.70          65.30           -156.33
266.80          65.03           -158.81
267.90          64.82           -161.64
269.00          64.66           -164.09
270.10          64.53           -166.43
271.21          64.36           -168.96
272.33          64.20           -171.04
273.45          63.94           -172.84
274.58          63.69           -174.36
275.70          63.45           -175.46
276.84          63.25           -176.54
277.98          63.15           -177.68
279.12          63.05           -178.22
280.27          63.00           -178.90
281.42          62.88           179.96
282.58          62.82           179.35
283.74          62.88           178.97
284.91          62.97           178.32
286.08          63.17           178.11
287.26          63.32           177.92
288.44          63.48           176.90
289.63          63.83           175.62
290.82          64.07           174.49
292.01          64.13           172.73
293.21          64.48           170.56
294.42          64.90           169.16
295.63          65.14           167.41
296.85          65.40           164.58
298.07          65.69           162.01
299.29          66.00           159.85
300.53          66.33           157.01
301.76          66.66           153.88
303.00          66.94           150.56
304.25          67.20           146.93
305.50          67.45           143.34
306.76          67.67           140.02
308.02          67.90           136.42
309.29          68.19           132.95
310.56          68.44           129.90
311.84          68.64           126.16
313.12          68.77           122.16
314.41          68.87           118.22
315.70          68.98           114.39
317.00          69.09           110.45
318.30          69.20           106.22
319.61          69.30           102.19
320.93          69.39           97.99
322.25          69.48           93.76
323.57          69.56           89.83
324.90          69.62           85.74
326.24          69.68           81.23
327.58          69.68           77.20
328.93          69.62           73.26
330.28          69.65           68.86
331.64          69.66           65.05
333.00          69.64           60.77
334.37          69.71           56.86
335.75          69.70           52.91
337.13          69.69           48.64
338.52          69.70           45.08
339.91          69.63           41.26
341.31          69.59           37.26
342.71          69.53           33.39
344.12          69.46           29.50
345.54          69.39           25.80
346.96          69.35           22.06
348.38          69.29           18.27
349.82          69.30           14.21
351.26          69.25           10.49
352.70          69.12           6.47
354.15          69.09           2.50
355.61          68.95           -1.27
357.07          68.93           -5.57
358.54          68.81           -9.35
360.02          68.72           -13.77
361.50          68.72           -17.59
362.98          68.57           -21.11
364.48          68.50           -24.77
365.98          68.41           -28.37
367.48          68.30           -32.13
368.99          68.19           -35.55
370.51          68.07           -38.83
372.03          67.95           -42.40
373.56          67.79           -45.64
375.10          67.73           -48.86
376.64          67.56           -52.28
378.19          67.47           -55.78
379.75          67.29           -58.72
381.31          67.21           -62.37
382.88          67.12           -65.03
384.45          66.87           -68.27
386.04          66.78           -71.44
387.62          66.64           -74.79
389.22          66.50           -78.01
390.82          66.44           -81.08
392.43          66.30           -84.30
394.04          66.27           -87.71
395.66          66.18           -90.37
397.29          66.13           -93.51
398.92          66.02           -97.16
400.56          66.01           -100.34
402.21          65.94           -103.62
403.87          65.87           -106.12
405.53          65.98           -109.76
407.20          65.87           -114.46
408.87          65.89           -117.20
410.55          65.82           -121.05
412.24          65.77           -123.82
413.94          65.76           -126.79
415.64          65.60           -130.43
417.35          65.48           -133.65
419.07          65.33           -136.34
420.79          65.22           -139.77
422.52          65.12           -143.61
424.26          65.13           -146.18
426.00          64.94           -148.87
427.76          64.86           -151.71
429.51          64.80           -155.34
431.28          64.65           -157.14
433.06          64.51           -158.59
434.84          64.35           -162.12
436.63          64.29           -165.06
438.42          64.32           -167.58
440.22          64.22           -170.83
442.04          64.28           -173.26
443.85          64.45           -175.96
445.68          64.51           -178.79
447.51          64.59           178.55
449.35          64.69           176.02
451.20          64.72           172.86
453.06          64.83           169.56
454.92          64.97           166.70
456.79          65.17           163.09
458.67          65.28           159.63
460.56          65.55           155.98
462.45          65.70           152.97
464.35          65.95           149.77
466.26          66.13           145.42
468.18          66.40           141.65
470.11          66.57           137.25
472.04          66.70           132.69
473.98          66.92           127.66
475.93          67.08           122.80
477.89          67.17           117.86
479.86          67.30           113.21
481.83          67.44           108.39
483.81          67.55           103.05
485.80          67.57           98.40
487.80          67.60           93.55
489.81          67.57           88.01
491.82          67.58           82.70
493.85          67.51           77.89
495.88          67.44           72.87
497.92          67.31           68.26
499.96          67.27           63.59
502.02          67.13           59.57
504.09          67.02           55.53
506.16          66.93           51.37
508.24          66.91           47.72
510.33          66.82           43.87
512.43          66.77           39.68
514.54          66.66           36.03
516.66          66.67           32.49
518.78          66.64           28.72
520.91          66.63           26.20
523.06          66.67           22.40
525.21          66.75           18.68
527.37          66.86           15.49
529.54          66.99           12.36
531.72          67.04           9.09
533.90          67.30           5.38
536.10          67.45           1.58
538.30          67.69           -1.93
540.52          67.96           -5.97
542.74          68.21           -9.92
544.97          68.48           -13.60
547.22          68.79           -17.93
549.47          69.06           -22.46
551.73          69.25           -27.24
554.00          69.54           -32.83
556.28          69.82           -37.62
558.56          70.09           -43.08
560.86          70.31           -48.82
563.17          70.51           -55.19
565.48          70.70           -61.40
567.81          70.86           -67.45
570.15          70.97           -73.51
572.49          71.07           -80.01
574.85          71.14           -86.46
577.21          71.22           -93.14
579.59          71.25           -99.97
581.97          71.26           -106.50
584.36          71.23           -113.15
586.77          71.23           -119.63
589.18          71.16           -126.03
591.60          71.04           -132.53
594.04          70.93           -138.47
596.48          70.82           -144.45
598.93          70.71           -150.36
601.40          70.61           -155.99
603.87          70.47           -161.94
606.36          70.40           -167.80
608.85          70.27           -173.39
611.35          70.18           -178.79
613.87          70.08           175.73
616.39          70.01           170.60
618.93          69.99           165.34
621.47          70.03           160.07
624.03          70.06           154.71
626.60          70.11           149.41
629.18          70.24           144.22
631.76          70.33           138.49
634.36          70.42           132.75
636.97          70.51           126.88
639.59          70.62           120.73
642.22          70.74           114.67
644.86          70.84           108.22
647.52          70.93           101.46
650.18          71.01           94.61
652.85          71.07           87.39
655.54          71.06           80.12
658.24          71.07           72.57
660.94          71.03           65.19
663.66          70.95           57.64
666.39          70.85           50.39
669.13          70.69           42.99
671.89          70.48           35.52
674.65          70.23           28.42
677.42          69.99           21.49
680.21          69.66           15.34
683.01          69.32           9.26
685.82          68.93           4.08
688.64          68.55           -0.37
691.47          68.15           -4.40
694.32          67.79           -7.89
697.17          67.58           -11.15
700.04          67.27           -14.34
702.92          67.09           -17.58
705.81          67.08           -20.51
708.71          67.12           -23.82
711.63          67.25           -27.41
714.56          67.52           -30.84
717.50          67.88           -34.69
720.45          68.19           -38.82
723.41          68.48           -43.60
726.39          68.76           -48.74
729.37          69.08           -54.53
732.37          69.33           -61.04
735.39          69.55           -68.08
738.41          69.70           -75.40
741.45          69.83           -82.90
744.50          69.96           -90.31
747.56          70.05           -97.62
750.64          70.13           -105.38
753.72          70.23           -113.19
756.82          70.28           -120.61
759.94          70.30           -128.01
763.06          70.32           -135.47
766.20          70.34           -142.59
769.35          70.37           -150.12
772.52          70.42           -157.39
775.69          70.45           -164.41
778.89          70.48           -171.49
782.09          70.54           -178.49
785.31          70.67           174.30
788.54          70.74           166.96
791.78          70.83           159.56
795.04          70.87           152.07
798.31          70.91           144.51
801.59          70.91           137.16
804.89          70.94           129.41
808.20          70.96           121.71
811.52          70.98           114.11
814.86          70.97           106.23
818.21          70.99           98.72
821.58          70.96           91.19
824.96          70.93           83.60
828.35          70.92           76.17
831.76          70.88           68.71
835.18          70.79           61.50
838.62          70.73           54.28
842.06          70.65           47.14
845.53          70.63           40.01
849.01          70.63           33.07
852.50          70.65           26.36
856.01          70.70           19.73
859.53          70.73           13.10
863.06          70.78           6.28
866.61          70.86           -0.56
870.18          70.91           -7.83
873.76          70.99           -15.31
877.35          71.04           -22.68
880.96          71.16           -30.33
884.58          71.24           -37.79
888.22          71.31           -45.47
891.87          71.41           -53.21
895.54          71.49           -61.01
899.23          71.59           -68.66
902.93          71.64           -76.67
906.64          71.69           -84.91
910.37          71.74           -93.18
914.11          71.81           -101.36
917.87          71.87           -109.56
921.65          71.91           -117.74
925.44          72.01           -125.74
929.25          72.09           -133.70
933.07          72.16           -142.04
936.91          72.20           -150.06
940.76          72.27           -158.60
944.63          72.37           -167.03
948.52          72.44           -175.36
952.42          72.51           176.06
956.33          72.60           167.32
960.27          72.71           158.78
964.22          72.85           150.22
968.18          72.94           141.57
972.17          73.04           132.88
976.17          73.11           123.99
980.18          73.25           115.04
984.21          73.36           106.17
988.26          73.46           97.45
992.33          73.57           88.49
996.41          73.68           79.39
1000.51         73.80           70.57
1004.62         73.91           61.45
1008.75         74.04           52.21
1012.90         74.19           43.04
1017.07         74.30           33.80
1021.25         74.47           24.45
1025.45         74.60           14.79
1029.67         74.77           5.16
1033.91         74.97           -4.68
1038.16         75.16           -14.45
1042.43         75.32           -24.37
1046.72         75.46           -34.55
1051.02         75.62           -45.06
1055.35         75.76           -55.52
1059.69         75.86           -66.15
1064.05         75.98           -76.81
1068.42         76.09           -87.40
1072.82         76.20           -98.05
1077.23         76.27           -108.88
1081.66         76.37           -119.80
1086.11         76.45           -130.67
1090.58         76.55           -141.68
1095.06         76.64           -152.91
1099.57         76.71           -164.52
1104.09         76.77           -176.26
1108.63         76.82           172.10
1113.19         76.85           160.17
1117.77         76.85           148.15
1122.37         76.83           136.20
1126.99         76.81           124.18
1131.62         76.74           112.00
1136.28         76.67           99.73
1140.95         76.58           87.42
1145.64         76.48           75.26
1150.36         76.34           63.07
1155.09         76.18           50.78
1159.84         75.99           38.66
1164.61         75.77           26.51
1169.40         75.54           14.70
1174.21         75.25           2.92
1179.04         74.98           -9.08
1183.89         74.68           -21.01
1188.76         74.38           -32.87
1193.65         74.10           -44.56
1198.56         73.78           -56.41
1203.49         73.49           -68.15
1208.44         73.18           -79.67
1213.41         72.87           -91.03
1218.40         72.57           -102.47
1223.41         72.24           -113.58
1228.45         71.91           -124.66
1233.50         71.55           -135.70
1238.57         71.21           -146.86
1243.67         70.82           -158.22
1248.78         70.49           -169.33
1253.92         70.08           179.58
1259.08         69.67           168.80
1264.26         69.30           157.86
1269.46         68.95           147.12
1274.68         68.64           136.01
1279.92         68.36           125.11
1285.19         68.07           114.23
1290.47         67.73           103.00
1295.78         67.40           91.49
1301.11         67.10           79.48
1306.46         66.67           68.25
1311.84         66.20           56.93
1317.23         65.64           45.81
1322.65         65.05           36.10
1328.09         64.31           26.92
1333.55         63.56           20.69
1339.04         62.93           15.02
1344.55         62.31           10.29
1350.08         61.85           5.61
1355.63         61.48           1.62
1361.21         61.46           -2.88
1366.81         61.67           -7.29
1372.43         62.16           -11.88
1378.07         62.99           -16.61
1383.74         63.91           -21.19
1389.43         65.01           -26.77
1395.15         66.04           -32.69
1400.89         67.05           -38.81
1406.65         67.90           -46.51
1412.44         68.67           -55.04
1418.25         69.41           -66.50
1424.08         70.15           -78.65
1429.94         70.81           -91.78
1435.82         71.43           -105.69
1441.73         72.06           -120.09
1447.66         72.71           -134.71
1453.61         73.30           -149.85
1459.59         73.87           -164.95
1465.59         74.39           -179.97
1471.62         74.88           164.54
1477.68         75.37           148.75
1483.75         75.80           133.15
1489.86         76.15           117.30
1495.98         76.50           101.28
1502.14         76.81           85.16
1508.32         77.11           68.71
1514.52         77.37           51.94
1520.75         77.60           35.12
1527.01         77.80           18.01
1533.29         77.93           0.91
1539.59         78.02           -16.14
1545.93         78.08           -33.25
1552.29         78.09           -50.41
1558.67         78.10           -67.58
1565.08         78.07           -84.64
1571.52         77.98           -101.38
1577.98         77.89           -118.06
1584.47         77.80           -134.48
1590.99         77.70           -150.65
1597.54         77.63           -166.96
1604.11         77.53           176.69
1610.71         77.45           160.34
1617.33         77.37           143.70
1623.98         77.27           127.19
1630.66         77.17           110.67
1637.37         77.06           94.08
1644.11         76.93           77.38
1650.87         76.81           60.64
1657.66         76.64           44.10
1664.48         76.48           27.59
1671.32         76.35           11.20
1678.20         76.24           -5.64
1685.10         76.15           -22.55
1692.03         76.03           -39.75
1698.99         75.86           -57.36
1705.98         75.65           -75.02
1713.00         75.40           -92.83
1720.05         75.10           -110.49
1727.12         74.79           -127.90
1734.22         74.51           -145.41
1741.36         74.24           -162.89
1748.52         74.03           179.37
1755.71         73.85           161.41
1762.93         73.68           143.02
1770.19         73.51           124.16
1777.47         73.29           104.61
1784.78         73.02           84.88
1792.12         72.65           64.70
1799.49         72.25           44.39
1806.89         71.80           23.85
1814.33         71.42           3.34
1821.79         70.99           -17.63
1829.28         70.63           -39.55
1836.81         70.35           -62.24
1844.36         70.08           -85.44
1851.95         69.80           -109.69
1859.57         69.55           -134.30
1867.22         69.30           -159.32
1874.90         69.06           175.31
1882.61         68.89           150.33
1890.35         68.77           125.43
1898.13         68.81           100.47
1905.93         69.01           75.87
1913.77         69.31           51.13
1921.65         69.79           26.59
1929.55         70.35           1.77
1937.49         70.96           -23.04
1945.46         71.59           -47.25
1953.46         72.19           -71.29
1961.49         72.81           -95.12
1969.56         73.41           -118.18
1977.66         73.98           -140.97
1985.80         74.54           -163.56
1993.97         75.08           174.00
2002.17         75.58           151.28
2010.40         76.08           128.70
2018.67         76.55           106.09
2026.98         76.98           83.14
2035.32         77.42           60.20
2043.69         77.82           37.19
2052.09         78.20           14.19
2060.53         78.52           -8.80
2069.01         78.84           -31.83
2077.52         79.10           -54.90
2086.07         79.35           -78.07
2094.65         79.54           -101.31
2103.26         79.68           -124.67
2111.91         79.80           -147.91
2120.60         79.89           -171.19
2129.32         79.96           165.52
2138.08         80.00           142.17
2146.88         80.02           118.71
2155.71         80.00           95.30
2164.57         79.97           71.87
2173.48         79.92           48.56
2182.42         79.83           25.07
2191.40         79.74           1.69
2200.41         79.62           -21.75
2209.46         79.48           -45.31
2218.55         79.32           -69.04
2227.67         79.15           -92.81
2236.84         79.00           -116.46
2246.04         78.85           -140.47
2255.28         78.70           -164.66
2264.55         78.58           170.75
2273.87         78.45           145.68
2283.22         78.33           120.43
2292.61         78.23           94.59
2302.04         78.07           68.29
2311.51         77.90           41.34
2321.02         77.73           14.21
2330.57         77.54           -13.17
2340.15         77.36           -40.77
2349.78         77.24           -68.73
2359.44         77.15           -97.16
2369.15         77.13           -125.91
2378.89         77.14           -155.08
2388.68         77.16           175.45
2398.51         77.20           145.75
2408.37         77.29           115.97
2418.28         77.43           86.16
2428.22         77.65           56.11
2438.21         77.91           26.01
2448.24         78.16           -4.11
2458.31         78.40           -33.87
2468.42         78.66           -63.56
2478.58         78.96           -93.21
2488.77         79.31           -122.73
2499.01         79.69           -152.07
2509.29         80.06           178.98
2519.61         80.42           149.67
2529.97         80.73           120.15
2540.38         80.99           90.92
2550.83         81.20           61.77
2561.32         81.38           32.81
2571.86         81.56           3.96
2582.44         81.74           -24.81
2593.06         81.89           -53.54
2603.73         82.05           -82.34
2614.44         82.17           -111.42
2625.19         82.25           -140.54
2635.99         82.28           -169.69
2646.83         82.25           161.05
2657.72         82.18           131.88
2668.65         82.08           102.71
2679.63         81.94           73.72
2690.65         81.80           44.94
2701.72         81.68           16.00
2712.83         81.57           -12.96
2723.99         81.45           -42.30
2735.19         81.30           -72.07
2746.44         81.10           -102.05
2757.74         80.88           -132.35
2769.08         80.62           -162.90
2780.47         80.38           166.39
2791.91         80.17           135.38
2803.39         79.99           104.05
2814.93         79.83           72.33
2826.50         79.71           39.98
2838.13         79.60           6.85
2849.80         79.51           -26.84
2861.53         79.45           -61.04
2873.30         79.42           -95.68
2885.12         79.41           -130.95
2896.98         79.41           -166.62
2908.90         79.43           157.61
2920.87         79.48           121.69
2932.88         79.55           85.70
2944.94         79.65           49.72
2957.06         79.77           13.57
2969.22         79.90           -22.53
2981.43         80.03           -58.63
2993.70         80.14           -94.60
3006.01         80.24           -130.17
3018.38         80.35           -165.40
3030.79         80.46           159.64
3043.26         80.55           124.93
3055.78         80.60           90.42
3068.35         80.63           56.16
3080.97         80.64           22.04
3093.64         80.60           -11.86
3106.36         80.54           -45.57
3119.14         80.46           -78.94
3131.97         80.34           -111.96
3144.86         80.24           -144.74
3157.79         80.11           -177.52
3170.78         80.00           149.63
3183.82         79.88           116.38
3196.92         79.72           82.85
3210.07         79.54           49.29
3223.27         79.30           15.75
3236.53         79.05           -18.14
3249.84         78.81           -52.13
3263.21         78.56           -86.36
3276.63         78.32           -121.09
3290.11         78.10           -156.33
3303.64         77.86           167.96
3317.23         77.64           131.63
3330.88         77.45           94.30
3344.58         77.23           56.12
3358.34         77.04           17.24
3372.15         76.87           -22.30
3386.02         76.71           -62.05
3399.95         76.61           -102.16
3413.93         76.58           -142.64
3427.98         76.63           176.48
3442.08         76.74           135.28
3456.24         76.90           93.69
3470.45         77.08           52.04
3484.73         77.33           10.58
3499.06         77.60           -30.87
3513.45         77.87           -72.44
3527.91         78.13           -113.84
3542.42         78.38           -154.72
3556.99         78.62           165.02
3571.62         78.84           124.93
3586.31         79.04           85.14
3601.06         79.22           45.56
3615.87         79.35           6.04
3630.75         79.44           -33.33
3645.68         79.46           -72.51
3660.68         79.44           -111.36
3675.74         79.38           -150.01
3690.85         79.27           171.22
3706.04         79.10           132.72
3721.28         78.91           94.45
3736.59         78.69           56.53
3751.96         78.46           18.40
3767.39         78.22           -20.13
3782.89         77.95           -59.34
3798.45         77.62           -98.73
3814.07         77.26           -138.92
3829.76         76.85           179.93
3845.51         76.43           137.66
3861.33         75.98           94.42
3877.21         75.57           50.35
3893.16         75.19           5.13
3909.18         74.89           -40.93
3925.26         74.71           -87.64
3941.40         74.66           -135.41
3957.61         74.66           175.93
3973.89         74.73           126.70
3990.24         74.81           77.22
4006.65         74.92           27.85
4023.13         75.08           -21.18
4039.68         75.31           -70.08
4056.30         75.56           -118.58
4072.98         75.86           -166.58
4089.73         76.16           146.48
4106.56         76.45           100.46
4123.45         76.73           55.11
4140.41         77.00           10.58
4157.44         77.24           -33.47
4174.54         77.43           -77.20
4191.71         77.54           -120.29
4208.95         77.60           -162.93
4226.27         77.64           154.42
4243.65         77.65           111.89
4261.11         77.63           69.10
4278.63         77.53           25.90
4296.23         77.37           -17.61
4313.91         77.15           -61.21
4331.65         76.87           -104.60
4349.47         76.53           -148.88
4367.36         76.14           165.97
4385.32         75.69           119.61
4403.36         75.13           69.80
4421.47         74.49           14.61
4439.66         73.77           -41.84
4457.92         73.02           -98.59
4476.26         72.25           -154.72
4494.67         71.38           148.94
4513.16         70.41           92.34
4531.72         69.47           35.87
4550.36         68.65           -20.82
4569.08         68.06           -77.09
4587.87         67.84           -133.32
4606.75         67.97           170.71
4625.70         68.38           115.40
4644.72         68.96           60.56
4663.83         69.61           6.76
4683.01         70.23           -43.64
4702.27         70.82           -88.87
4721.62         71.37           -133.02
4741.04         71.86           -177.23
4760.54         72.25           137.73
4780.12         72.59           92.65
4799.78         72.88           47.36
4819.52         73.04           1.67
4839.35         73.16           -43.65
4859.25         73.25           -89.60
4879.24         73.25           -135.29
4899.31         73.22           178.66
4919.46         73.15           132.47
4939.70         73.03           85.65
4960.02         72.84           38.17
4980.42         72.59           -10.00
5000.91         72.25           -58.50
5021.48         71.83           -107.51
5042.13         71.31           -157.65
5062.87         70.72           150.92
5083.70         70.05           96.13
5104.61         69.25           38.45
5125.60         68.55           -20.78
5146.69         67.85           -80.34
5167.86         67.36           -140.21
5189.11         67.27           158.83
5210.46         67.30           96.85
5231.89         67.54           34.29
5253.41         68.00           -28.12
5275.02         68.74           -90.81
5296.72         69.47           -153.69
5318.50         70.09           142.95
5340.38         70.60           79.78
5362.35         71.07           17.67
5384.41         71.54           -43.67
5406.55         71.98           -102.23
5428.79         72.36           -158.30
5451.12         72.62           146.33
5473.54         72.78           90.63
5496.06         72.86           34.64
5518.67         72.83           -21.27
5541.37         72.73           -77.15
5564.16         72.59           -133.37
5587.05         72.33           169.98
5610.03         71.96           112.27
5633.10         71.51           52.69
5656.28         71.06           -8.39
5679.54         70.62           -71.25
5702.90         70.21           -135.67
5726.36         69.77           158.83
5749.92         69.32           92.72
5773.57         68.88           25.77
5797.32         68.55           -41.04
5821.16         68.55           -107.73
5845.11         68.82           -175.02
5869.15         69.15           117.03
5893.29         69.50           48.96
5917.53         69.80           -19.02
5941.87         70.25           -87.03
5966.31         70.67           -154.55
5990.86         70.95           139.11
6015.50         71.18           74.35
6040.24         71.39           10.95
6065.09         71.52           -51.98
6090.03         71.58           -114.41
6115.08         71.56           -177.04
6140.24         71.46           120.60
6165.49         71.36           57.36
6190.86         71.14           -6.90
6216.32         70.78           -72.23
6241.89         70.40           -138.97
6267.56         70.02           152.54
6293.34         69.67           82.19
6319.23         69.18           10.45
6345.22         68.66           -61.60
6371.32         68.38           -133.94
6397.53         68.25           152.94
6423.85         68.24           79.12
6450.27         68.21           5.24
6476.80         68.29           -68.71
6503.44         68.66           -142.46
6530.19         69.21           143.21
6557.05         69.65           68.65
6584.03         69.97           -5.89
6611.11         70.27           -79.17
6638.30         70.52           -151.13
6665.61         70.76           138.15
6693.02         70.91           68.26
6720.56         71.01           -0.76
6748.20         71.03           -69.87
6775.96         70.98           -139.50
6803.83         70.82           149.80
6831.81         70.58           79.07
6859.92         70.32           7.76
6888.13         70.01           -65.77
6916.47         69.52           -140.57
6944.92         68.84           142.87
6973.48         68.18           65.32
7002.17         67.59           -12.88
7030.97         67.08           -91.99
7059.89         66.58           -171.26
7088.93         66.20           109.02
7118.09         65.88           29.11
7147.37         65.79           -51.03
7176.77         66.14           -131.19
7206.29         66.73           148.71
7235.93         67.32           68.84
7265.69         67.85           -10.96
7295.58         68.47           -90.96
7325.59         69.02           -170.14
7355.72         69.42           111.39
7385.98         69.71           34.34
7416.36         69.94           -42.18
7446.86         70.15           -119.07
7477.49         70.23           163.17
7508.25         70.25           84.54
7539.13         70.24           4.68
7570.15         70.19           -76.34
7601.28         70.17           -158.92
7632.55         70.09           117.06
7663.94         69.97           32.65
7695.47         70.05           -52.34
7727.12         70.24           -139.06
7758.91         70.37           133.79
7790.82         70.50           46.58
7822.87         70.64           -41.74
7855.05         70.81           -130.44
7887.36         70.97           140.65
7919.80         71.10           51.65
7952.38         71.27           -37.32
7985.09         71.36           -126.84
8017.93         71.43           144.09
8050.91         71.52           54.88
8084.03         71.55           -34.74
8117.28         71.54           -124.42
8150.67         71.52           145.25
8184.20         71.36           54.90
8217.86         71.17           -35.85
8251.66         71.01           -127.28
8285.60         70.83           140.82
8319.68         70.65           48.70
8353.91         70.43           -44.33
8388.27         70.19           -137.90
8422.77         69.97           128.46
8457.42         69.78           34.16
8492.21         69.67           -60.68
8527.14         69.54           -156.05
8562.21         69.40           108.60
8597.43         69.30           13.59
8632.79         69.30           -82.48
8668.30         69.26           -178.40
8703.96         69.23           84.90
8739.76         69.08           -11.16
8775.71         68.84           -107.02
8811.81         68.57           156.84
8848.05         68.32           60.57
8884.45         68.02           -35.51
8920.99         67.76           -131.78
8957.69         67.44           130.17
8994.54         67.06           31.23
9031.53         66.77           -69.32
9068.68         66.55           -171.76
9105.98         66.33           85.95
9143.44         66.30           -17.30
9181.05         66.22           -119.48
9218.82         66.12           138.24
9256.74         66.05           36.79
9294.81         66.24           -64.73
9333.04         66.40           -166.39
9371.43         66.51           92.56
9409.98         66.63           -8.17
9448.69         66.83           -108.57
9487.55         66.95           151.71
9526.58         67.00           54.27
9565.76         67.02           -40.81
9605.11         67.00           -131.23
9644.62         67.03           142.38
9684.29         67.09           56.42
9724.13         67.08           -27.81
9764.12         67.13           -112.03
9804.29         67.33           163.68
9844.61         67.52           79.24
9885.11         67.62           -5.34
9925.77         67.73           -89.82
9966.60         67.93           -174.83
10007.59        68.06           100.43
10048.76        68.15           15.74
10090.09        68.22           -69.17
10131.59        68.35           -154.44
10173.27        68.51           119.78
10215.12        68.62           32.15
10257.13        68.69           -56.96
10299.32        68.77           -146.08
10341.69        68.87           124.48
10384.23        68.94           35.33
10426.94        68.86           -54.41
10469.83        68.82           -144.31
10512.90        68.78           125.66
10556.14        68.65           35.26
10599.56        68.46           -54.84
10643.16        68.31           -145.34
10686.94        68.23           123.57
10730.90        68.14           33.01
10775.04        68.05           -58.14
10819.36        67.99           -149.46
10863.86        67.97           118.65
10908.55        67.94           25.74
10953.42        67.87           -67.72
10998.47        67.65           -161.28
11043.71        67.35           104.90
11089.14        67.05           11.48
11134.75        66.70           -82.29
11180.55        66.34           -176.23
11226.54        65.99           89.60
11272.72        65.69           -5.49
11319.09        65.42           -100.14
11365.65        65.15           166.64
11412.40        65.00           71.92
11459.34        64.98           -23.00
11506.48        64.89           -118.99
11553.81        64.81           145.15
11601.33        64.68           49.38
11649.05        64.54           -47.56
11696.97        64.48           -144.58
11745.08        64.42           117.91
11793.39        64.39           18.95
11841.90        64.25           -80.28
11890.61        64.04           -179.10
11939.52        64.02           81.51
11988.63        63.96           -17.52
12037.95        63.92           -117.21
12087.46        63.80           142.37
12137.18        63.77           41.22
12187.11        63.74           -60.37
12237.24        63.72           -161.65
12287.57        63.61           94.91
12338.12        63.61           -9.45
12388.87        63.47           -113.51
12439.83        63.30           141.29
12490.99        63.13           34.74
12542.37        62.89           -73.67
12593.96        62.62           177.04
12645.77        62.39           94.46
12697.78        62.22           16.03
12750.01        62.13           -64.00
12802.46        62.05           -144.44
12855.12        62.10           132.81
12908.00        62.08           51.15
12961.09        61.93           -32.01
13014.40        61.65           -116.06
13067.94        61.57           161.11
13121.69        61.43           79.96
13175.66        61.26           14.23
13229.86        61.18           -43.77
13284.28        61.24           -100.68
13338.92        61.32           -156.42
13393.79        61.55           147.95
13448.88        62.02           64.21
13504.20        62.19           -24.55
13559.75        62.39           -113.68
13615.52        62.47           156.52
13671.53        62.48           83.49
13727.76        62.57           36.75
13784.23        62.90           -28.04
13840.93        63.19           -93.75
13897.86        63.50           -161.68
13955.03        63.85           128.65
14012.43        64.19           41.45
14070.06        64.49           -54.51
14127.94        64.66           -151.79
14186.05        64.75           110.88
14244.40        64.83           13.22
14303.00        64.74           -84.55
14361.83        64.70           177.73
14420.90        64.68           81.25
14480.22        64.82           -16.28
14539.78        64.93           -131.74
14599.59        65.04           84.07
14659.64        64.93           -41.87
14719.94        64.84           -168.98
14780.49        64.64           64.21
14841.29        64.34           -55.35
14902.33        64.05           -157.30
14963.63        63.71           127.82
15025.18        63.42           50.00
15086.98        63.34           -46.61
15149.04        63.17           -150.77
15211.35        63.04           81.70
15273.92        62.93           -49.67
15336.75        62.67           177.54
15399.83        62.29           17.80
15463.18        61.82           162.77
15526.78        61.30           -89.15
15590.65        61.02           11.86
15654.78        60.68           135.91
15719.17        60.47           -83.34
15783.83        60.48           63.55
15848.75        60.39           -158.54
15913.95        60.27           -32.95
15979.40        60.10           92.55
16045.13        59.87           -64.13
16111.13        59.61           -153.61
16177.40        59.46           170.68
16243.95        59.31           134.41
16310.76        59.26           88.76
16377.85        59.23           110.40
16445.22        59.34           171.03
16512.87        59.49           -82.72
16580.79        59.40           44.30
16648.99        59.47           138.97
16717.47        59.48           -176.29
16786.23        59.22           -50.96
16855.28        59.24           116.14
16924.61        59.13           -50.70
16994.23        59.13           162.93
17064.13        59.04           -69.39
17134.32        59.08           -29.76
17204.80        59.06           -16.12
17275.57        59.08           16.02
17346.63        59.22           60.52
17417.98        59.19           52.17
17489.63        59.17           58.05
17561.57        59.14           84.74
17633.80        59.22           106.93
17706.34        59.24           133.41
17779.17        59.30           -148.81
17852.30        59.36           -179.89
17925.73        59.46           55.48
17999.47        59.62           -119.38
18073.50        59.71           42.29
18147.85        59.92           -158.43
18222.49        60.04           44.54
18297.45        60.14           -108.46
18372.71        60.31           73.67
18448.29        60.44           -88.23
18524.17        60.67           122.52
18600.36        60.81           -0.50
18676.87        60.79           -135.58
18753.70        60.88           95.37
18830.84        60.88           -39.84
18908.29        61.01           145.00
18986.07        61.04           -32.14
19064.17        61.05           -155.66
19142.58        61.04           100.24
19221.32        61.09           12.86
19300.38        61.05           -22.61
19379.77        61.00           -24.55
19459.49        60.96           -14.71
19539.53        60.84           -17.48
19619.90        60.76           -39.02
19700.61        60.56           9.39
19781.64        60.43           29.67
19863.01        60.31           -11.23
19944.71        60.18           -99.20
20026.75        60.12           -178.65
20109.13        59.91           81.54
20191.84        59.87           -66.55
20274.90        59.76           93.17
20358.29        59.65           -8.92
20442.04        59.51           -137.49
20526.12        59.43           12.48
20610.55        59.36           82.52
20695.33        59.31           -179.07
20780.45        59.31           -61.75
20865.93        59.23           18.36
20951.76        59.26           78.80
21037.94        59.21           137.07
21124.47        59.27           -140.94
21211.37        59.36           -23.30
21298.62        59.44           136.55
21386.22        59.42           36.24
21474.19        59.57           36.95
21562.52        59.62           123.91
21651.22        59.72           65.57
21740.28        59.78           -8.24
21829.70        59.87           -7.77
21919.49        59.91           48.01
22009.65        59.89           111.94
22100.19        59.88           172.77
22191.09        59.96           -105.51
22282.37        59.99           -108.93
22374.03        60.01           -94.37
22466.06        60.05           3.51
22558.47        59.98           69.21
22651.26        59.93           21.77
22744.43        59.96           -48.57
22837.98        59.89           170.29
22931.92        59.89           -76.41
23026.25        59.88           -33.42
23120.96        59.90           -24.35
23216.07        59.83           -62.67
23311.56        59.80           -108.82
23407.45        59.84           157.80
23503.73        59.83           73.17
23600.41        59.83           5.60
23697.49        59.80           15.65
23794.96        59.83           155.10
23892.84        59.90           -75.68
23991.12        59.89           106.70
24089.80        59.89           -57.33
24188.89        59.96           98.76
24288.39        59.94           -106.97
24388.29        59.92           135.27
24488.61        59.96           156.20
24589.34        59.92           -147.86
24690.48        59.99           -111.30
24792.04        60.11           -92.37
24894.02        60.15           -59.20
24996.42        60.27           -25.08
25099.24        60.29           -82.68
25202.48        60.31           -160.93
25306.14        60.38           -96.95
25410.23        60.33           -78.45
25514.75        60.42           -91.96
25619.71        60.44           1.36
25725.09        60.47           108.31
25830.90        60.50           -102.73
25937.15        60.58           55.59
26043.84        60.60           -136.97
26150.97        60.71           55.19
26258.53        60.69           -126.48
26366.54        60.66           10.43
26475.00        60.73           110.73
26583.90        60.72           -101.79
26693.24        60.75           -158.39
26803.04        60.78           142.96
26913.29        60.78           94.34
27023.99        60.82           39.16
27135.15        60.85           36.68
27246.77        60.87           128.68
27358.84        60.87           -80.52
27471.38        60.89           83.49
27584.38        60.87           -175.80
27697.84        60.84           -145.96
27811.77        60.83           -119.08
27926.17        60.83           -29.35
28041.04        60.89           112.30
28156.38        60.86           -66.56
28272.19        60.79           96.67
28388.49        60.78           -70.27
28505.26        60.83           106.41
28622.51        60.89           -99.30
28740.24        60.92           37.38
28858.46        60.88           152.10
28977.16        60.96           160.42
29096.36        60.91           43.39
29216.04        60.92           -88.21
29336.21        61.02           -151.68
29456.88        61.05           179.87
29578.05        61.08           160.55
29699.71        61.15           -179.00
29821.88        61.23           -164.02
29944.54        61.30           110.50
30067.71        61.31           -80.64
30191.39        61.35           41.32
30315.58        61.29           122.74
30440.28        61.34           -32.75
30565.49        61.35           -175.82
30691.21        61.39           56.39
30817.46        61.41           -97.11
30944.22        61.46           -179.89
31071.50        61.54           139.96
31199.31        61.48           60.82
31327.64        61.56           -7.51
31456.50        61.58           -99.27
31585.89        61.60           71.02
31715.81        61.57           -110.04
31846.27        61.59           169.99
31977.26        61.73           170.98
32108.80        61.73           115.26
32240.87        61.79           -136.13
32373.49        61.84           65.08
32506.65        61.86           -45.96
32640.36        61.90           153.18
32774.62        61.89           -3.56
32909.43        61.94           119.16
33044.80        61.90           -88.26
33180.72        61.94           -162.37
33317.21        61.94           164.32
33454.25        61.96           -163.36
33591.86        61.96           -83.98
33730.04        61.99           -70.77
33868.78        61.95           -114.90
34008.09        61.96           -168.44
34147.98        62.00           128.42
34288.44        62.04           2.30
34429.48        62.02           155.03
34571.10        62.08           -127.45
34713.30        62.10           -131.50
34856.09        62.12           168.63
34999.46        62.18           -126.05
35143.43        62.23           -83.08
35287.98        62.29           -156.47
35433.13        62.32           43.72
35578.88        62.37           -174.23
35725.23        62.38           -98.53
35872.18        62.39           1.93
36019.73        62.55           86.73
36167.89        62.59           71.19
36316.66        62.62           71.29
36466.04        62.62           28.04
36616.04        62.63           -75.77
36766.65        62.64           175.49
36917.89        62.72           -115.26
37069.74        62.77           -46.07
37222.22        62.72           54.80
37375.33        62.74           -162.01
37529.07        62.75           75.86
37683.43        62.70           10.44
37838.44        62.71           -129.19
37994.08        62.77           179.25
38150.36        62.83           152.98
38307.29        62.78           -165.90
38464.86        62.82           -71.81
38623.07        62.87           20.79
38781.94        62.96           120.07
38941.46        63.00           -124.10
39101.64        63.09           43.07
39262.48        63.08           -166.09
39423.98        63.11           -15.63
39586.14        63.17           -33.34
39748.98        63.23           -114.09
39912.48        63.30           36.70
40076.65        63.39           170.98
40241.50        63.46           62.33
40407.02        63.48           -8.89
40573.23        63.52           -36.46
40740.12        63.55           -68.54
40907.70        63.60           -72.03
41075.96        63.64           -1.73
41244.92        63.70           3.44
41414.57        63.75           83.27
41584.93        63.76           -72.51
41755.98        63.82           143.02
41927.73        63.88           83.64
42100.19        63.93           71.86
42273.36        63.96           -48.48
42447.25        64.04           -22.43
42621.84        64.15           38.44
42797.16        64.15           126.76
42973.20        64.31           130.65
43149.96        64.37           47.01
43327.45        64.53           -25.87
43505.67        64.56           -137.64
43684.62        64.59           78.58
43864.31        64.61           28.03
44044.74        64.66           -57.41
44225.91        64.72           76.71
44407.82        64.77           120.23
44590.49        64.84           113.66
