Freq[Hz]        [dBSPL]         Phase[Deg]
10.00           111.68          65.94
10.04           111.58          65.97
10.08           111.49          66.14
10.12           111.39          66.44
10.17           111.29          66.87
10.21           111.19          67.43
10.25           111.09          68.11
10.29           110.99          68.92
10.33           110.78          69.89
10.38           110.56          71.22
10.42           110.33          72.91
10.46           110.10          74.96
10.50           109.87          77.36
10.55           109.62          80.10
10.59           109.37          83.16
10.64           109.12          86.53
10.68           108.86          90.19
10.72           108.60          94.12
10.77           108.34          98.31
10.81           108.07          102.73
10.86           107.80          107.38
10.90           107.53          112.21
10.95           107.26          117.23
10.99           106.99          122.40
11.04           106.72          127.70
11.08           106.45          133.12
11.13           106.18          138.63
11.17           105.91          144.20
11.22           105.65          149.82
11.26           105.39          155.45
11.31           105.13          161.09
11.36           104.88          166.68
11.40           104.63          172.22
11.45           104.40          177.68
11.50           104.17          -176.97
11.55           103.94          -171.75
11.59           103.73          -166.68
11.64           103.53          -161.78
11.69           103.33          -157.07
11.74           103.15          -152.56
11.78           102.98          -148.27
11.83           102.81          -144.21
11.88           102.66          -140.38
11.93           102.52          -136.79
11.98           102.39          -133.46
12.03           102.26          -130.37
12.08           102.15          -127.54
12.13           102.04          -124.96
12.18           101.94          -122.62
12.23           101.85          -120.53
12.28           101.76          -118.68
12.33           101.68          -117.07
12.38           101.60          -115.68
12.43           101.52          -114.53
12.48           101.44          -113.60
12.53           101.37          -112.89
12.58           101.29          -112.39
12.64           101.21          -112.11
12.69           101.13          -112.03
12.74           101.05          -112.15
12.79           100.96          -112.47
12.85           100.86          -112.97
12.90           100.76          -113.67
12.95           100.65          -114.54
13.00           100.53          -115.58
13.06           100.40          -116.79
13.11           100.26          -118.16
13.17           100.12          -119.69
13.22           99.96           -121.35
13.27           99.80           -123.15
13.33           99.62           -125.08
13.38           99.44           -127.13
13.44           99.24           -129.28
13.49           99.04           -131.53
13.55           98.83           -133.88
13.61           98.62           -136.29
13.66           98.39           -138.78
13.72           98.17           -141.32
13.77           97.94           -143.90
13.83           97.72           -146.51
13.89           97.49           -149.14
13.94           97.27           -151.77
14.00           97.06           -154.39
14.06           96.85           -157.00
14.12           96.65           -159.56
14.18           96.47           -162.08
14.23           96.30           -164.53
14.29           96.15           -166.90
14.35           96.02           -169.17
14.41           95.90           -171.34
14.47           95.82           -173.39
14.53           95.75           -175.30
14.59           95.72           -177.06
14.65           95.71           -178.66
14.71           95.73           179.91
14.77           95.77           178.67
14.83           95.84           177.61
14.89           95.93           176.77
14.95           96.04           176.13
15.01           96.17           175.73
15.08           96.31           175.55
15.14           96.46           175.61
15.20           96.62           175.92
15.26           96.79           176.49
15.33           96.95           177.32
15.39           97.11           178.42
15.45           97.27           179.81
15.52           97.41           -178.53
15.58           97.55           -176.56
15.64           97.66           -174.30
15.71           97.76           -171.72
15.77           97.83           -168.82
15.84           97.88           -165.60
15.90           97.90           -162.08
15.97           97.90           -158.25
16.03           97.87           -154.14
16.10           97.81           -149.76
16.17           97.73           -145.15
16.23           97.61           -140.33
16.30           97.47           -135.35
16.37           97.31           -130.25
16.43           97.11           -125.08
16.50           96.90           -119.89
16.57           96.66           -114.76
16.64           96.40           -109.75
16.70           96.12           -104.94
16.77           95.84           -100.40
16.84           95.55           -96.23
16.91           95.26           -92.50
16.98           94.98           -89.31
17.05           94.72           -86.73
17.12           94.47           -84.86
17.19           94.26           -83.79
17.26           94.08           -83.57
17.33           93.96           -84.27
17.40           93.88           -85.91
17.48           93.86           -88.53
17.55           93.89           -92.13
17.62           93.98           -96.70
17.69           94.13           -102.21
17.77           94.32           -108.62
17.84           94.55           -115.86
17.91           94.80           -123.86
17.99           95.08           -132.51
18.06           95.36           -141.70
18.13           95.63           -151.28
18.21           95.89           -161.11
18.28           96.12           -171.01
18.36           96.32           179.19
18.43           96.47           169.66
18.51           96.58           160.59
18.59           96.63           152.16
18.66           96.63           144.53
18.74           96.58           137.84
18.82           96.47           132.21
18.89           96.30           127.72
18.97           96.08           124.47
19.05           95.79           122.48
19.13           95.45           121.78
19.21           95.03           122.36
19.29           94.54           124.21
19.37           93.98           127.25
19.44           93.32           131.40
19.52           92.58           136.55
19.61           91.75           142.56
19.69           90.83           149.26
19.77           89.83           156.45
19.85           88.77           163.92
19.93           87.64           171.46
20.01           86.48           178.87
20.09           85.29           -174.04
20.18           84.10           -167.46
20.26           82.93           -161.51
20.34           81.81           -156.34
20.43           80.78           -152.03
20.51           79.85           -148.65
20.59           79.06           -146.26
20.68           78.44           -144.88
20.76           78.00           -144.50
20.85           77.73           -145.09
20.94           77.62           -146.58
21.02           77.66           -148.89
21.11           77.80           -151.90
21.20           78.02           -155.45
21.28           78.29           -159.36
21.37           78.58           -163.46
21.46           78.87           -167.55
21.55           79.15           -171.48
21.63           79.40           -175.10
21.72           79.62           -178.27
21.81           79.80           179.10
21.90           79.95           177.10
21.99           80.06           175.79
22.08           80.12           175.22
22.17           80.15           175.39
22.27           80.13           176.31
22.36           80.06           177.94
22.45           79.95           -179.77
22.54           79.80           -176.90
22.63           79.60           -173.56
22.73           79.36           -169.88
22.82           79.09           -166.01
22.91           78.78           -162.10
23.01           78.44           -158.28
23.10           78.08           -154.67
23.20           77.71           -151.37
23.29           77.33           -148.47
23.39           76.94           -146.04
23.49           76.55           -144.14
23.58           76.16           -142.78
23.68           75.77           -142.00
23.78           75.39           -141.80
23.87           75.02           -142.14
23.97           74.64           -143.00
24.07           74.25           -144.31
24.17           73.86           -145.99
24.27           73.45           -147.95
24.37           73.01           -150.08
24.47           72.55           -152.29
24.57           72.05           -154.49
24.67           71.52           -156.62
24.77           70.94           -158.60
24.88           70.32           -160.38
24.98           69.64           -161.93
25.08           68.91           -163.21
25.18           68.12           -164.19
25.29           67.27           -164.88
25.39           66.35           -165.28
25.50           65.38           -165.39
25.60           64.35           -165.26
25.71           63.31           -164.92
25.81           62.30           -164.41
25.92           61.38           -163.79
26.02           60.65           -163.08
26.13           60.22           -162.33
26.24           60.18           -161.55
26.35           60.58           -160.77
26.45           61.38           -159.99
26.56           62.46           -159.21
26.67           63.72           -158.44
26.78           65.04           -157.65
26.89           66.32           -156.82
27.00           67.51           -155.94
27.11           68.56           -154.95
27.23           69.44           -153.82
27.34           70.16           -152.51
27.45           70.74           -151.00
27.56           71.19           -149.26
27.68           71.53           -147.29
27.79           71.77           -145.09
27.90           71.95           -142.68
28.02           72.06           -140.07
28.14           72.10           -137.31
28.25           72.08           -134.45
28.37           72.00           -131.55
28.48           71.83           -128.68
28.60           71.56           -125.92
28.72           71.20           -123.34
28.84           70.72           -121.01
28.96           70.16           -118.97
29.07           69.52           -117.24
29.19           68.84           -115.82
29.31           68.16           -114.67
29.43           67.53           -113.75
29.56           67.01           -112.98
29.68           66.63           -112.26
29.80           66.45           -111.45
29.92           66.48           -110.40
30.04           66.72           -108.95
30.17           67.16           -106.95
30.29           67.74           -104.27
30.42           68.44           -100.85
30.54           69.19           -96.65
30.67           69.96           -91.68
30.79           70.69           -86.03
30.92           71.35           -79.82
31.05           71.91           -73.25
31.18           72.36           -66.57
31.30           72.68           -60.08
31.43           72.88           -54.16
31.56           72.98           -49.15
31.69           73.00           -45.39
31.82           72.96           -43.18
31.95           72.85           -42.78
32.08           72.69           -44.38
32.22           72.46           -48.08
32.35           72.14           -53.89
32.48           71.72           -61.74
32.62           71.17           -71.47
32.75           70.44           -82.81
32.88           69.52           -95.44
33.02           68.37           -108.98
33.16           66.97           -123.06
33.29           65.35           -137.27
33.43           63.58           -151.18
33.57           61.83           -164.42
33.70           60.35           -176.68
33.84           59.44           172.26
33.98           59.26           162.59
34.12           59.65           154.39
34.26           60.31           147.69
34.40           61.01           142.46
34.54           61.64           138.63
34.69           62.16           136.07
34.83           62.58           134.61
34.97           62.90           134.03
35.12           63.15           134.15
35.26           63.34           134.81
35.41           63.49           135.85
35.55           63.59           137.18
35.70           63.66           138.69
35.84           63.69           140.33
35.99           63.68           142.04
36.14           63.62           143.80
36.29           63.53           145.59
36.44           63.44           147.42
36.59           63.40           149.30
36.74           63.45           151.22
36.89           63.63           153.17
37.04           63.93           155.13
37.19           64.31           157.06
37.35           64.74           158.92
37.50           65.19           160.71
37.65           65.63           162.37
37.81           66.04           163.90
37.97           66.41           165.27
38.12           66.75           166.47
38.28           67.06           167.50
38.44           67.32           168.38
38.59           67.56           169.12
38.75           67.76           169.77
38.91           67.93           170.33
39.07           68.07           170.83
39.23           68.18           171.28
39.39           68.26           171.69
39.56           68.31           172.06
39.72           68.33           172.38
39.88           68.34           172.61
40.05           68.33           172.72
40.21           68.30           172.66
40.38           68.27           172.39
40.54           68.22           171.88
40.71           68.15           171.10
40.88           68.08           170.03
41.04           67.99           168.64
41.21           67.89           166.95
41.38           67.77           164.98
41.55           67.64           162.75
41.72           67.50           160.32
41.90           67.34           157.72
42.07           67.18           155.00
42.24           67.03           152.20
42.42           66.88           149.37
42.59           66.77           146.56
42.76           66.69           143.80
42.94           66.67           141.09
43.12           66.71           138.45
43.29           66.83           135.87
43.47           67.03           133.36
43.65           67.29           130.88
43.83           67.61           128.42
44.01           67.95           125.95
44.19           68.29           123.44
44.37           68.61           120.88
44.56           68.90           118.26
44.74           69.15           115.58
44.92           69.36           112.87
45.11           69.53           110.13
45.29           69.66           107.41
45.48           69.77           104.74
45.67           69.85           102.18
45.86           69.90           99.76
46.04           69.94           97.51
46.23           69.95           95.47
46.42           69.95           93.64
46.61           69.93           92.04
46.81           69.92           90.65
47.00           69.93           89.48
47.19           69.96           88.49
47.39           70.05           87.67
47.58           70.17           87.00
47.78           70.35           86.43
47.97           70.56           85.96
48.17           70.79           85.54
48.37           71.02           85.14
48.57           71.24           84.71
48.77           71.44           84.24
48.97           71.61           83.69
49.17           71.74           83.07
49.37           71.84           82.37
49.58           71.91           81.59
49.78           71.94           80.78
49.98           71.94           79.95
50.19           71.92           79.14
50.40           71.87           78.36
50.60           71.79           77.63
50.81           71.70           76.93
51.02           71.58           76.25
51.23           71.44           75.54
51.44           71.31           74.77
51.65           71.17           73.90
51.86           71.05           72.91
52.08           70.96           71.77
52.29           70.89           70.47
52.51           70.87           69.00
52.72           70.88           67.36
52.94           70.92           65.56
53.16           71.01           63.57
53.38           71.12           61.42
53.60           71.27           59.11
53.82           71.44           56.67
54.04           71.65           54.13
54.26           71.88           51.56
54.48           72.13           49.01
54.71           72.40           46.57
54.93           72.68           44.30
55.16           72.98           42.25
55.39           73.28           40.45
55.61           73.57           38.94
55.84           73.86           37.70
56.07           74.13           36.72
56.30           74.40           35.93
56.53           74.64           35.28
56.77           74.88           34.68
57.00           75.12           34.04
57.23           75.35           33.27
57.47           75.57           32.31
57.71           75.79           31.11
57.94           76.00           29.68
58.18           76.18           28.06
58.42           76.33           26.32
58.66           76.43           24.53
58.90           76.48           22.76
59.15           76.49           21.03
59.39           76.46           19.35
59.63           76.41           17.70
59.88           76.33           16.04
60.12           76.23           14.33
60.37           76.13           12.57
60.62           76.02           10.77
60.87           75.90           8.99
61.12           75.77           7.25
61.37           75.64           5.57
61.62           75.52           3.95
61.88           75.43           2.37
62.13           75.38           0.76
62.39           75.38           -0.93
62.64           75.46           -2.73
62.90           75.59           -4.64
63.16           75.77           -6.63
63.42           75.99           -8.65
63.68           76.21           -10.66
63.94           76.45           -12.59
64.21           76.69           -14.43
64.47           76.93           -16.17
64.74           77.17           -17.81
65.00           77.41           -19.38
65.27           77.63           -20.89
65.54           77.85           -22.36
65.81           78.05           -23.80
66.08           78.23           -25.24
66.35           78.40           -26.73
66.62           78.54           -28.34
66.90           78.67           -30.12
67.17           78.79           -32.15
67.45           78.90           -34.46
67.73           79.00           -37.07
68.00           79.09           -39.96
68.28           79.18           -43.09
68.56           79.26           -46.40
68.85           79.35           -49.84
69.13           79.44           -53.38
69.41           79.53           -56.99
69.70           79.61           -60.64
69.99           79.70           -64.34
70.27           79.77           -68.06
70.56           79.84           -71.81
70.85           79.90           -75.59
71.14           79.96           -79.40
71.44           80.01           -83.25
71.73           80.05           -87.14
72.03           80.08           -91.06
72.32           80.10           -95.00
72.62           80.10           -98.93
72.92           80.06           -102.81
73.22           79.98           -106.62
73.52           79.87           -110.37
73.82           79.71           -114.04
74.13           79.53           -117.68
74.43           79.32           -121.31
74.74           79.09           -124.95
75.04           78.85           -128.58
75.35           78.60           -132.17
75.66           78.34           -135.67
75.97           78.05           -139.02
76.29           77.73           -142.16
76.60           77.38           -145.08
76.92           77.01           -147.76
77.23           76.62           -150.22
77.55           76.23           -152.51
77.87           75.85           -154.63
78.19           75.48           -156.61
78.51           75.12           -158.42
78.83           74.75           -160.07
79.16           74.36           -161.57
79.48           73.95           -163.00
79.81           73.50           -164.44
80.14           73.03           -166.01
80.47           72.52           -167.76
80.80           72.01           -169.68
81.13           71.49           -171.68
81.47           70.98           -173.62
81.80           70.50           -175.38
82.14           70.06           -176.89
82.47           69.68           -178.10
82.81           69.34           -179.05
83.15           69.06           -179.77
83.50           68.81           179.66
83.84           68.59           179.17
84.19           68.38           178.69
84.53           68.18           178.23
84.88           67.97           177.89
85.23           67.77           177.89
85.58           67.57           178.42
85.93           67.38           179.63
86.28           67.18           -178.59
86.64           66.97           -176.48
87.00           66.73           -174.45
87.35           66.44           -172.84
87.71           66.13           -171.86
88.07           65.80           -171.54
88.44           65.55           -171.77
88.80           65.46           -172.37
89.16           65.62           -173.16
89.53           65.99           -173.98
89.90           66.41           -174.72
90.27           66.75           -175.38
90.64           66.99           -176.01
91.01           67.15           -176.74
91.39           67.28           -177.66
91.76           67.40           -178.82
92.14           67.52           179.75
92.52           67.66           178.01
92.90           67.79           175.88
93.28           67.92           173.35
93.67           68.02           170.50
94.05           68.08           167.55
94.44           68.06           164.78
94.83           67.96           162.35
95.22           67.77           160.25
95.61           67.59           158.38
96.00           67.52           156.57
96.40           67.56           154.71
96.79           67.66           152.74
97.19           67.75           150.65
97.59           67.78           148.42
97.99           67.74           146.11
98.40           67.66           143.78
98.80           67.55           141.62
99.21           67.43           139.71
99.62           67.32           138.05
100.03          67.23           136.48
100.44          67.16           134.75
100.85          67.11           132.68
101.26          67.06           130.24
101.68          67.00           127.55
102.10          66.89           124.71
102.52          66.74           121.77
102.94          66.56           118.66
103.36          66.40           115.27
103.79          66.27           111.51
104.22          66.18           107.36
104.65          66.10           102.97
105.08          66.04           98.56
105.51          66.00           94.37
105.94          65.99           90.52
106.38          66.02           86.98
106.82          66.08           83.65
107.25          66.13           80.41
107.70          66.13           77.14
108.14          66.06           73.71
108.58          65.92           69.98
109.03          65.73           65.87
109.48          65.55           61.40
109.93          65.42           56.64
110.38          65.40           51.73
110.84          65.52           46.85
111.29          65.75           42.14
111.75          65.99           37.58
112.21          66.20           33.03
112.67          66.39           28.23
113.13          66.55           22.99
113.60          66.68           17.23
114.07          66.76           10.95
114.54          66.80           4.26
115.01          66.84           -2.67
115.48          66.94           -9.58
115.95          67.14           -16.24
116.43          67.43           -22.58
116.91          67.75           -28.62
117.39          68.01           -34.51
117.87          68.19           -40.36
118.36          68.28           -46.28
118.85          68.33           -52.35
119.33          68.37           -58.60
119.83          68.43           -64.99
120.32          68.50           -71.42
120.81          68.62           -77.73
121.31          68.81           -83.70
121.81          69.05           -89.20
122.31          69.30           -94.31
122.81          69.50           -99.28
123.32          69.62           -104.35
123.83          69.67           -109.63
124.34          69.68           -115.06
124.85          69.71           -120.54
125.36          69.80           -125.96
125.88          69.96           -131.19
126.39          70.18           -136.16
126.91          70.39           -140.79
127.44          70.55           -145.06
127.96          70.62           -149.10
128.49          70.62           -153.18
129.01          70.57           -157.59
129.55          70.51           -162.40
130.08          70.50           -167.39
130.61          70.55           -172.31
131.15          70.66           -177.00
131.69          70.77           178.55
132.23          70.84           174.32
132.78          70.87           170.27
133.32          70.84           166.30
133.87          70.76           162.24
134.42          70.63           157.90
134.97          70.50           153.28
135.53          70.42           148.58
136.09          70.41           144.14
136.65          70.43           140.21
137.21          70.42           136.87
137.77          70.36           133.93
138.34          70.23           130.98
138.91          70.02           127.72
139.48          69.78           124.08
140.05          69.57           120.15
140.63          69.44           116.18
141.21          69.32           112.52
141.79          69.18           109.44
142.37          69.00           106.93
142.96          68.78           104.73
143.55          68.54           102.55
144.14          68.26           100.10
144.73          67.94           97.27
145.32          67.62           94.21
145.92          67.38           91.25
146.52          67.21           88.60
147.13          67.06           86.37
147.73          66.87           84.52
148.34          66.64           82.86
148.95          66.32           81.13
149.56          65.92           79.21
150.18          65.53           77.00
150.79          65.27           74.53
151.41          65.13           72.12
152.04          65.04           70.17
152.66          64.93           68.71
153.29          64.77           67.52
153.92          64.54           66.30
154.55          64.25           64.77
155.19          63.93           62.98
155.83          63.65           61.30
156.47          63.48           60.01
157.11          63.37           59.06
157.76          63.25           58.35
158.41          63.14           57.75
159.06          63.04           57.06
159.71          62.94           56.19
160.37          62.81           55.28
161.03          62.68           54.63
161.69          62.58           54.51
162.36          62.51           54.66
163.03          62.45           54.41
163.70          62.39           53.70
164.37          62.38           52.98
165.05          62.45           52.41
165.72          62.49           51.81
166.41          62.44           51.20
167.09          62.38           50.78
167.78          62.36           50.52
168.47          62.34           50.00
169.16          62.33           49.08
169.86          62.34           48.17
170.56          62.41           47.64
171.26          62.41           47.57
171.96          62.33           47.23
172.67          62.27           45.41
173.38          62.30           42.59
174.09          62.27           41.53
174.81          62.11           43.25
175.53          61.83           45.03
176.25          61.67           44.54
176.97          61.75           42.51
177.70          61.88           40.18
178.43          62.04           37.75
179.17          62.22           35.72
179.90          62.42           34.79
180.64          62.54           34.55
181.39          62.53           33.72
182.13          62.51           31.34
182.88          62.59           27.79
183.63          62.74           25.15
184.39          62.93           24.40
185.15          63.19           23.03
185.91          63.44           19.10
186.67          63.62           14.70
187.44          63.67           12.01
188.21          63.66           10.35
188.99          63.72           8.65
189.76          63.75           7.02
190.55          63.67           5.49
191.33          63.52           3.41
192.12          63.39           0.64
192.91          63.38           -2.04
193.70          63.44           -4.00
194.50          63.41           -5.20
195.30          63.26           -6.30
196.10          63.05           -8.08
196.91          62.90           -10.24
197.72          62.90           -11.85
198.53          62.93           -12.54
199.35          62.88           -12.93
200.17          62.79           -14.12
200.99          62.69           -16.16
201.82          62.67           -18.19
202.65          62.65           -19.33
203.48          62.56           -19.28
204.32          62.41           -18.75
205.16          62.20           -18.62
206.00          62.09           -19.11
206.85          62.22           -19.42
207.70          62.40           -18.77
208.55          62.57           -17.67
209.41          62.69           -17.02
210.27          62.83           -17.31
211.14          63.16           -18.22
212.01          63.56           -19.00
212.88          63.80           -19.25
213.75          63.95           -19.49
214.63          64.21           -20.49
215.52          64.59           -22.29
216.40          64.96           -24.71
217.29          65.24           -27.67
218.19          65.47           -30.79
219.08          65.66           -33.67
219.99          65.77           -36.38
220.89          65.84           -39.77
221.80          65.91           -44.07
222.71          66.02           -48.41
223.63          66.12           -52.11
224.55          66.10           -55.30
225.47          65.98           -58.83
226.40          65.91           -62.51
227.33          65.95           -65.44
228.26          65.90           -67.48
229.20          65.71           -69.52
230.15          65.52           -72.14
231.09          65.44           -74.59
232.04          65.47           -76.38
233.00          65.39           -77.98
233.96          65.27           -80.42
234.92          65.22           -83.31
235.88          65.27           -85.19
236.86          65.24           -85.97
237.83          65.07           -86.79
238.81          65.01           -88.92
239.79          65.13           -91.16
240.78          65.26           -92.65
241.77          65.21           -94.27
242.76          65.14           -96.63
243.76          65.24           -99.25
244.76          65.46           -101.24
245.77          65.55           -102.96
246.78          65.51           -105.22
247.80          65.61           -107.91
248.81          65.79           -110.11
249.84          65.86           -112.09
250.87          65.86           -114.60
251.90          65.98           -117.69
252.93          66.11           -120.55
253.97          66.08           -122.96
255.02          65.96           -125.86
256.07          65.96           -129.04
257.12          66.02           -131.85
258.18          66.02           -134.39
259.24          65.98           -137.24
260.31          65.96           -140.37
261.38          65.93           -143.20
262.45          65.88           -146.16
263.53          65.78           -149.44
264.62          65.64           -152.29
265.70          65.53           -154.72
266.80          65.40           -157.41
267.90          65.20           -160.36
269.00          65.01           -163.12
270.10          64.87           -166.20
271.21          64.80           -168.78
272.33          64.66           -170.66
273.45          64.43           -172.42
274.58          64.29           -174.61
275.70          64.15           -176.35
276.84          63.86           -177.41
277.98          63.61           -178.84
279.12          63.46           179.66
280.27          63.45           179.48
281.42          63.33           179.23
282.58          63.28           178.21
283.74          63.37           177.47
284.91          63.38           177.63
286.08          63.35           177.52
287.26          63.58           177.05
288.44          63.81           177.08
289.63          63.86           176.10
290.82          64.01           174.47
292.01          64.29           174.14
293.21          64.57           173.11
294.42          64.87           171.07
295.63          65.25           168.94
296.85          65.58           167.32
298.07          65.82           164.70
299.29          66.24           161.22
300.53          66.64           158.29
301.76          66.88           155.32
303.00          67.13           151.50
304.25          67.38           147.65
305.50          67.57           144.58
306.76          67.80           140.87
308.02          68.05           137.27
309.29          68.26           133.46
310.56          68.48           128.69
311.84          68.65           124.90
313.12          68.79           120.81
314.41          68.96           116.89
315.70          69.09           113.04
317.00          69.20           108.95
318.30          69.27           105.19
319.61          69.30           101.26
320.93          69.39           97.08
322.25          69.48           93.19
323.57          69.52           89.06
324.90          69.57           84.63
326.24          69.59           80.78
327.58          69.58           76.51
328.93          69.66           72.59
330.28          69.64           69.11
331.64          69.63           64.53
333.00          69.66           60.80
334.37          69.58           56.72
335.75          69.60           52.15
337.13          69.58           48.53
338.52          69.55           44.48
339.91          69.57           40.36
341.31          69.53           36.85
342.71          69.45           32.97
344.12          69.46           29.28
345.54          69.43           25.75
346.96          69.37           21.73
348.38          69.36           17.50
349.82          69.25           13.79
351.26          69.15           9.52
352.70          69.13           5.82
354.15          68.97           1.95
355.61          68.95           -1.94
357.07          68.86           -5.24
358.54          68.75           -9.33
360.02          68.64           -13.09
361.50          68.47           -16.79
362.98          68.39           -21.10
364.48          68.31           -24.62
365.98          68.15           -28.73
367.48          68.04           -32.27
368.99          67.90           -35.74
370.51          67.78           -38.78
372.03          67.64           -42.14
373.56          67.57           -45.68
375.10          67.41           -48.91
376.64          67.32           -51.96
378.19          67.16           -55.29
379.75          66.96           -58.89
381.31          66.89           -62.09
382.88          66.71           -65.29
384.45          66.63           -68.56
386.04          66.48           -70.93
387.62          66.33           -74.37
389.22          66.29           -76.97
390.82          66.11           -80.43
392.43          66.02           -83.61
394.04          65.91           -87.26
395.66          65.89           -90.29
397.29          65.75           -93.34
398.92          65.67           -96.69
400.56          65.61           -99.45
402.21          65.57           -102.30
403.87          65.48           -105.25
405.53          65.59           -107.98
407.20          65.80           -111.37
408.87          65.68           -113.88
410.55          65.58           -117.02
412.24          65.62           -120.05
413.94          65.54           -123.69
415.64          65.59           -126.63
417.35          65.52           -129.78
419.07          65.42           -132.79
420.79          65.30           -136.34
422.52          65.33           -139.28
424.26          65.15           -142.22
426.00          65.20           -146.29
427.76          65.07           -149.67
429.51          65.11           -152.45
431.28          64.78           -155.60
433.06          64.47           -158.20
434.84          64.40           -161.37
436.63          64.42           -164.25
438.42          64.25           -167.10
440.22          64.19           -169.32
442.04          64.16           -172.04
443.85          64.16           -174.69
445.68          64.20           -177.58
447.51          64.25           179.69
449.35          64.27           176.74
451.20          64.42           173.63
453.06          64.50           170.88
454.92          64.66           167.84
456.79          64.78           164.39
458.67          64.93           160.42
460.56          65.09           156.74
462.45          65.44           152.75
464.35          65.53           148.82
466.26          65.82           144.83
468.18          66.02           139.81
470.11          66.23           135.65
472.04          66.44           131.12
473.98          66.62           127.17
475.93          66.80           122.21
477.89          66.97           117.02
479.86          67.12           112.65
481.83          67.20           107.72
483.81          67.25           103.07
485.80          67.27           97.81
487.80          67.36           93.26
489.81          67.35           88.26
491.82          67.28           83.47
493.85          67.29           78.12
495.88          67.25           73.24
497.92          67.25           68.85
499.96          67.16           63.90
502.02          67.12           59.34
504.09          67.04           54.57
506.16          66.91           50.86
508.24          66.87           47.52
510.33          66.77           43.17
512.43          66.67           39.68
514.54          66.63           35.76
516.66          66.59           32.34
518.78          66.57           29.13
520.91          66.68           25.59
523.06          66.69           22.85
525.21          66.70           19.81
527.37          66.78           16.65
529.54          66.90           13.52
531.72          67.03           10.52
533.90          67.20           6.92
536.10          67.47           3.78
538.30          67.75           -0.03
540.52          67.97           -4.15
542.74          68.21           -7.87
544.97          68.42           -12.28
547.22          68.73           -16.60
549.47          69.03           -21.16
551.73          69.36           -26.22
554.00          69.59           -31.15
556.28          69.80           -37.29
558.56          70.08           -42.79
560.86          70.27           -48.75
563.17          70.42           -54.84
565.48          70.59           -61.20
567.81          70.72           -67.27
570.15          70.77           -73.71
572.49          70.83           -80.33
574.85          70.87           -86.88
577.21          70.93           -93.33
579.59          71.02           -100.01
581.97          71.04           -106.63
584.36          71.03           -113.05
586.77          70.92           -119.61
589.18          70.86           -125.97
591.60          70.82           -132.44
594.04          70.72           -138.51
596.48          70.64           -144.48
598.93          70.59           -150.25
601.40          70.49           -155.94
603.87          70.43           -161.69
606.36          70.39           -167.25
608.85          70.30           -172.79
611.35          70.25           -178.34
613.87          70.19           176.06
616.39          70.12           170.59
618.93          70.08           165.12
621.47          70.07           159.62
624.03          70.13           154.34
626.60          70.19           148.94
629.18          70.27           143.58
631.76          70.38           137.60
634.36          70.50           131.82
636.97          70.57           125.80
639.59          70.65           119.56
642.22          70.76           113.39
644.86          70.84           106.71
647.52          70.98           100.07
650.18          71.06           93.30
652.85          71.12           86.40
655.54          71.15           79.46
658.24          71.16           72.42
660.94          71.13           65.07
663.66          71.06           57.67
666.39          70.92           50.16
669.13          70.75           42.91
671.89          70.56           35.53
674.65          70.29           28.43
677.42          70.01           21.89
680.21          69.72           15.64
683.01          69.34           9.51
685.82          68.97           4.57
688.64          68.56           0.11
691.47          68.17           -3.81
694.32          67.77           -7.59
697.17          67.42           -11.12
700.04          67.13           -14.47
702.92          66.97           -17.58
705.81          66.96           -20.82
708.71          67.14           -23.94
711.63          67.30           -27.48
714.56          67.56           -30.84
717.50          67.91           -34.62
720.45          68.25           -39.09
723.41          68.54           -43.67
726.39          68.85           -48.54
729.37          69.14           -54.48
732.37          69.39           -61.18
735.39          69.61           -68.09
738.41          69.80           -75.24
741.45          69.99           -82.66
744.50          70.13           -90.17
747.56          70.22           -97.76
750.64          70.31           -105.25
753.72          70.38           -112.70
756.82          70.43           -120.01
759.94          70.45           -127.37
763.06          70.44           -134.62
766.20          70.44           -141.83
769.35          70.50           -149.39
772.52          70.53           -156.59
775.69          70.57           -163.62
778.89          70.60           -170.53
782.09          70.67           -177.77
785.31          70.68           174.82
788.54          70.70           167.66
791.78          70.75           160.31
795.04          70.83           152.89
798.31          70.85           145.44
801.59          70.86           137.78
804.89          70.89           130.14
808.20          70.89           122.43
811.52          70.91           114.85
814.86          70.90           107.25
818.21          70.88           99.83
821.58          70.87           92.11
824.96          70.85           84.54
828.35          70.81           77.11
831.76          70.75           69.82
835.18          70.75           62.78
838.62          70.75           55.59
842.06          70.69           48.41
845.53          70.66           41.35
849.01          70.66           34.13
852.50          70.65           27.29
856.01          70.67           20.49
859.53          70.73           13.66
863.06          70.81           6.53
866.61          70.93           -0.58
870.18          71.00           -7.61
873.76          71.11           -14.91
877.35          71.19           -22.45
880.96          71.29           -30.19
884.58          71.37           -37.82
888.22          71.46           -45.62
891.87          71.51           -53.49
895.54          71.62           -61.25
899.23          71.69           -69.23
902.93          71.75           -77.08
906.64          71.80           -85.31
910.37          71.84           -93.47
914.11          71.90           -101.42
917.87          71.93           -109.61
921.65          71.97           -118.04
925.44          72.02           -126.39
929.25          72.09           -134.62
933.07          72.17           -142.84
936.91          72.23           -150.76
940.76          72.31           -159.23
944.63          72.42           -167.73
948.52          72.49           -176.15
952.42          72.55           175.25
956.33          72.64           166.71
960.27          72.71           157.93
964.22          72.82           149.39
968.18          72.95           140.75
972.17          73.04           131.80
976.17          73.15           123.06
980.18          73.25           114.34
984.21          73.37           105.38
988.26          73.45           96.74
992.33          73.56           87.98
996.41          73.67           78.71
1000.51         73.78           69.68
1004.62         73.88           60.69
1008.75         74.02           51.51
1012.90         74.16           42.34
1017.07         74.31           33.04
1021.25         74.46           23.96
1025.45         74.62           14.54
1029.67         74.78           4.94
1033.91         74.97           -4.72
1038.16         75.14           -14.48
1042.43         75.29           -24.40
1046.72         75.46           -34.48
1051.02         75.61           -44.93
1055.35         75.75           -55.52
1059.69         75.87           -65.96
1064.05         75.99           -76.62
1068.42         76.11           -87.13
1072.82         76.22           -98.03
1077.23         76.30           -108.87
1081.66         76.39           -119.65
1086.11         76.48           -130.64
1090.58         76.55           -141.82
1095.06         76.63           -153.25
1099.57         76.68           -164.86
1104.09         76.75           -176.53
1108.63         76.80           171.90
1113.19         76.81           159.96
1117.77         76.82           147.96
1122.37         76.79           136.03
1126.99         76.76           123.92
1131.62         76.70           111.83
1136.28         76.62           99.44
1140.95         76.52           87.45
1145.64         76.41           75.28
1150.36         76.28           63.08
1155.09         76.12           51.01
1159.84         75.95           38.95
1164.61         75.74           26.84
1169.40         75.53           15.08
1174.21         75.26           3.08
1179.04         75.00           -8.99
1183.89         74.72           -20.87
1188.76         74.43           -32.69
1193.65         74.10           -44.44
1198.56         73.79           -56.02
1203.49         73.47           -67.44
1208.44         73.17           -78.78
1213.41         72.86           -89.88
1218.40         72.54           -100.85
1223.41         72.20           -111.80
1228.45         71.88           -122.99
1233.50         71.51           -134.13
1238.57         71.14           -145.16
1243.67         70.70           -156.66
1248.78         70.28           -167.74
1253.92         69.84           -178.46
1259.08         69.47           170.65
1264.26         69.07           159.57
1269.46         68.80           148.63
1274.68         68.51           137.67
1279.92         68.22           126.80
1285.19         67.89           115.71
1290.47         67.60           104.27
1295.78         67.30           93.14
1301.11         67.00           81.62
1306.46         66.60           70.38
1311.84         66.16           59.31
1317.23         65.64           48.46
1322.65         65.08           38.15
1328.09         64.53           30.85
1333.55         63.84           23.89
1339.04         63.14           17.78
1344.55         62.48           12.79
1350.08         61.99           8.42
1355.63         61.45           4.05
1361.21         61.51           -0.79
1366.81         61.78           -5.28
1372.43         62.55           -9.84
1378.07         63.30           -14.99
1383.74         64.25           -20.21
1389.43         65.25           -25.79
1395.15         66.25           -31.64
1400.89         67.13           -38.18
1406.65         67.98           -45.09
1412.44         68.78           -55.39
1418.25         69.47           -66.46
1424.08         70.10           -78.29
1429.94         70.82           -91.25
1435.82         71.45           -105.27
1441.73         72.06           -119.70
1447.66         72.67           -134.21
1453.61         73.24           -149.34
1459.59         73.77           -164.59
1465.59         74.33           179.98
1471.62         74.83           164.40
1477.68         75.31           148.51
1483.75         75.72           132.59
1489.86         76.11           116.73
1495.98         76.47           100.63
1502.14         76.79           84.52
1508.32         77.10           68.14
1514.52         77.37           51.59
1520.75         77.58           34.87
1527.01         77.76           17.87
1533.29         77.90           0.82
1539.59         77.99           -16.26
1545.93         78.05           -33.23
1552.29         78.07           -50.28
1558.67         78.07           -67.42
1565.08         78.02           -84.46
1571.52         77.94           -101.16
1577.98         77.85           -117.76
1584.47         77.74           -134.17
1590.99         77.62           -150.33
1597.54         77.53           -166.77
1604.11         77.44           176.89
1610.71         77.36           160.57
1617.33         77.27           143.97
1623.98         77.19           127.50
1630.66         77.07           110.90
1637.37         76.97           94.20
1644.11         76.86           77.44
1650.87         76.75           60.77
1657.66         76.58           44.26
1664.48         76.45           27.96
1671.32         76.34           11.43
1678.20         76.24           -5.43
1685.10         76.14           -22.35
1692.03         76.03           -39.64
1698.99         75.86           -57.01
1705.98         75.65           -74.49
1713.00         75.38           -92.29
1720.05         75.10           -109.82
1727.12         74.80           -127.38
1734.22         74.53           -144.81
1741.36         74.30           -162.30
1748.52         74.06           -179.95
1755.71         73.86           162.11
1762.93         73.68           143.84
1770.19         73.48           124.67
1777.47         73.23           105.36
1784.78         72.93           85.54
1792.12         72.61           65.47
1799.49         72.23           45.12
1806.89         71.85           24.44
1814.33         71.43           3.35
1821.79         71.09           -18.02
1829.28         70.76           -39.99
1836.81         70.51           -62.78
1844.36         70.20           -86.33
1851.95         69.93           -110.42
1859.57         69.65           -134.97
1867.22         69.41           -160.35
1874.90         69.16           174.23
1882.61         69.01           149.29
1890.35         68.98           124.07
1898.13         69.02           99.28
1905.93         69.19           74.53
1913.77         69.51           49.81
1921.65         69.93           25.19
1929.55         70.50           0.60
1937.49         71.11           -23.86
1945.46         71.69           -48.22
1953.46         72.33           -72.06
1961.49         72.94           -95.70
1969.56         73.51           -118.80
1977.66         74.06           -141.66
1985.80         74.61           -164.06
1993.97         75.15           173.38
2002.17         75.66           150.73
2010.40         76.14           128.27
2018.67         76.59           105.54
2026.98         77.04           82.69
2035.32         77.47           59.72
2043.69         77.88           36.86
2052.09         78.24           13.91
2060.53         78.56           -9.08
2069.01         78.86           -32.07
2077.52         79.12           -55.19
2086.07         79.36           -78.18
2094.65         79.54           -101.46
2103.26         79.70           -124.80
2111.91         79.82           -148.09
2120.60         79.91           -171.38
2129.32         79.97           165.43
2138.08         80.00           142.09
2146.88         80.02           118.71
2155.71         80.00           95.21
2164.57         79.95           71.88
2173.48         79.89           48.57
2182.42         79.81           25.19
2191.40         79.71           1.83
2200.41         79.59           -21.60
2209.46         79.44           -45.19
2218.55         79.28           -68.95
2227.67         79.13           -92.76
2236.84         78.96           -116.55
2246.04         78.81           -140.48
2255.28         78.65           -164.55
2264.55         78.52           170.86
2273.87         78.39           145.91
2283.22         78.28           120.64
2292.61         78.17           94.90
2302.04         78.05           68.53
2311.51         77.88           41.46
2321.02         77.69           14.26
2330.57         77.51           -13.04
2340.15         77.37           -40.67
2349.78         77.25           -68.64
2359.44         77.18           -96.93
2369.15         77.15           -125.65
2378.89         77.16           -154.70
2388.68         77.17           175.82
2398.51         77.24           145.98
2408.37         77.32           116.13
2418.28         77.48           86.21
2428.22         77.67           56.21
2438.21         77.92           26.12
2448.24         78.16           -3.88
2458.31         78.40           -33.58
2468.42         78.67           -63.20
2478.58         78.98           -92.90
2488.77         79.31           -122.31
2499.01         79.68           -151.54
2509.29         80.06           179.30
2519.61         80.42           150.06
2529.97         80.72           120.57
2540.38         80.98           91.30
2550.83         81.18           62.20
2561.32         81.37           33.24
2571.86         81.55           4.37
2582.44         81.71           -24.44
2593.06         81.87           -53.19
2603.73         82.03           -82.06
2614.44         82.16           -111.15
2625.19         82.23           -140.29
2635.99         82.26           -169.44
2646.83         82.22           161.21
2657.72         82.15           131.99
2668.65         82.04           102.93
2679.63         81.91           73.86
2690.65         81.77           44.95
2701.72         81.64           16.10
2712.83         81.53           -12.93
2723.99         81.42           -42.34
2735.19         81.28           -72.00
2746.44         81.10           -102.00
2757.74         80.89           -132.30
2769.08         80.65           -162.73
2780.47         80.41           166.64
2791.91         80.19           135.65
2803.39         80.02           104.26
2814.93         79.89           72.49
2826.50         79.78           40.05
2838.13         79.67           6.91
2849.80         79.58           -26.76
2861.53         79.54           -60.86
2873.30         79.52           -95.61
2885.12         79.51           -130.80
2896.98         79.51           -166.34
2908.90         79.50           157.82
2920.87         79.53           121.79
2932.88         79.60           85.78
2944.94         79.68           49.66
2957.06         79.81           13.49
2969.22         79.95           -22.67
2981.43         80.06           -58.73
2993.70         80.16           -94.58
3006.01         80.26           -130.15
3018.38         80.36           -165.47
3030.79         80.46           159.58
3043.26         80.53           124.88
3055.78         80.60           90.37
3068.35         80.64           56.05
3080.97         80.64           22.02
3093.64         80.61           -11.87
3106.36         80.56           -45.45
3119.14         80.46           -78.80
3131.97         80.35           -111.86
3144.86         80.22           -144.74
3157.79         80.11           -177.47
3170.78         80.00           149.67
3183.82         79.89           116.30
3196.92         79.75           82.82
3210.07         79.56           49.28
3223.27         79.33           15.69
3236.53         79.08           -18.13
3249.84         78.82           -52.00
3263.21         78.56           -86.22
3276.63         78.32           -120.89
3290.11         78.10           -156.01
3303.64         77.85           168.16
3317.23         77.65           131.81
3330.88         77.44           94.51
3344.58         77.24           56.46
3358.34         77.03           17.64
3372.15         76.83           -21.87
3386.02         76.65           -61.60
3399.95         76.54           -101.70
3413.93         76.51           -142.13
3427.98         76.56           176.94
3442.08         76.68           135.61
3456.24         76.84           93.95
3470.45         77.05           52.33
3484.73         77.31           10.76
3499.06         77.60           -30.83
3513.45         77.89           -72.29
3527.91         78.12           -113.71
3542.42         78.37           -154.53
3556.99         78.61           165.12
3571.62         78.84           124.94
3586.31         79.05           85.13
3601.06         79.23           45.65
3615.87         79.36           6.24
3630.75         79.44           -33.20
3645.68         79.48           -72.23
3660.68         79.46           -111.08
3675.74         79.40           -149.79
3690.85         79.29           171.49
3706.04         79.11           132.86
3721.28         78.91           94.67
3736.59         78.69           56.64
3751.96         78.48           18.45
3767.39         78.23           -20.08
3782.89         77.95           -59.10
3798.45         77.63           -98.56
3814.07         77.27           -138.76
3829.76         76.87           179.98
3845.51         76.46           137.84
3861.33         76.02           94.88
3877.21         75.59           50.67
3893.16         75.22           5.49
3909.18         74.93           -40.78
3925.26         74.73           -87.64
3941.40         74.70           -135.33
3957.61         74.73           176.01
3973.89         74.78           126.76
3990.24         74.84           77.39
4006.65         74.96           28.00
4023.13         75.14           -21.20
4039.68         75.37           -70.03
4056.30         75.64           -118.51
4072.98         75.92           -166.36
4089.73         76.18           146.49
4106.56         76.46           100.29
4123.45         76.74           54.99
4140.41         77.00           10.45
4157.44         77.24           -33.29
4174.54         77.40           -76.85
4191.71         77.49           -119.96
4208.95         77.56           -162.64
4226.27         77.61           154.82
4243.65         77.62           112.18
4261.11         77.59           69.28
4278.63         77.49           26.12
4296.23         77.32           -17.38
4313.91         77.08           -61.01
4331.65         76.80           -104.72
4349.47         76.49           -148.95
4367.36         76.12           165.34
4385.32         75.65           118.51
4403.36         75.12           68.17
4421.47         74.48           13.03
4439.66         73.80           -43.42
4457.92         73.10           -99.63
4476.26         72.28           -155.78
4494.67         71.36           148.13
4513.16         70.45           91.74
4531.72         69.53           35.47
4550.36         68.77           -21.25
4569.08         68.23           -77.81
4587.87         67.98           -133.75
4606.75         68.09           170.56
4625.70         68.43           115.16
4644.72         69.01           60.92
4663.83         69.66           7.70
4683.01         70.29           -42.36
4702.27         70.89           -87.61
4721.62         71.43           -131.88
4741.04         71.91           -176.58
4760.54         72.32           138.42
4780.12         72.67           93.14
4799.78         72.92           47.73
4819.52         73.10           1.98
4839.35         73.19           -43.28
4859.25         73.25           -88.67
4879.24         73.26           -134.56
4899.31         73.23           179.20
4919.46         73.18           132.87
4939.70         73.06           85.95
4960.02         72.87           38.27
4980.42         72.61           -9.51
5000.91         72.26           -57.97
5021.48         71.84           -107.00
5042.13         71.33           -156.52
5062.87         70.74           151.67
5083.70         70.02           96.51
5104.61         69.29           38.42
5125.60         68.54           -21.15
5146.69         67.90           -80.91
5167.86         67.48           -141.09
5189.11         67.38           157.74
5210.46         67.44           95.88
5231.89         67.59           33.51
5253.41         67.93           -28.94
5275.02         68.59           -91.40
5296.72         69.35           -154.46
5318.50         70.01           141.98
5340.38         70.53           78.84
5362.35         71.01           16.03
5384.41         71.52           -44.99
5406.55         71.99           -103.22
5428.79         72.35           -158.90
5451.12         72.61           146.19
5473.54         72.76           90.50
5496.06         72.83           34.50
5518.67         72.82           -21.25
5541.37         72.71           -77.05
5564.16         72.56           -133.30
5587.05         72.34           169.83
5610.03         72.00           112.11
5633.10         71.55           52.97
5656.28         71.08           -7.32
5679.54         70.65           -70.09
5702.90         70.23           -134.40
5726.36         69.73           159.93
5749.92         69.22           93.58
5773.57         68.84           26.64
5797.32         68.57           -40.11
5821.16         68.57           -106.61
5845.11         68.82           -173.78
5869.15         69.16           118.13
5893.29         69.45           49.90
5917.53         69.77           -18.14
5941.87         70.19           -85.92
5966.31         70.61           -153.64
5990.86         70.91           139.60
6015.50         71.16           74.17
6040.24         71.36           10.56
6065.09         71.49           -52.41
6090.03         71.59           -114.67
6115.08         71.58           -177.29
6140.24         71.45           120.26
6165.49         71.32           57.32
6190.86         71.13           -7.05
6216.32         70.77           -72.21
6241.89         70.38           -138.62
6267.56         70.05           153.37
6293.34         69.71           83.20
6319.23         69.25           11.61
6345.22         68.77           -60.43
6371.32         68.49           -132.64
6397.53         68.31           154.25
6423.85         68.26           80.68
6450.27         68.30           6.79
6476.80         68.32           -67.19
6503.44         68.64           -140.77
6530.19         69.22           145.03
6557.05         69.67           70.16
6584.03         70.00           -4.29
6611.11         70.30           -77.82
6638.30         70.58           -149.90
6665.61         70.79           138.97
6693.02         70.94           68.92
6720.56         71.05           -0.46
6748.20         71.08           -69.79
6775.96         71.03           -139.65
6803.83         70.91           149.41
6831.81         70.69           78.84
6859.92         70.41           7.08
6888.13         70.11           -66.13
6916.47         69.64           -140.98
6944.92         68.98           142.46
6973.48         68.36           64.52
7002.17         67.77           -13.59
7030.97         67.23           -92.20
7059.89         66.65           -171.49
7088.93         66.26           109.06
7118.09         66.03           29.33
7147.37         65.92           -50.40
7176.77         66.19           -130.08
7206.29         66.76           150.03
7235.93         67.39           70.50
7265.69         67.98           -9.50
7295.58         68.61           -89.16
7325.59         69.11           -168.56
7355.72         69.53           112.95
7385.98         69.84           35.87
7416.36         70.05           -40.26
7446.86         70.24           -117.06
7477.49         70.33           164.70
7508.25         70.40           85.99
7539.13         70.39           5.98
7570.15         70.34           -75.29
7601.28         70.32           -157.90
7632.55         70.26           118.26
7663.94         70.17           33.85
7695.47         70.23           -51.34
7727.12         70.37           -138.16
7758.91         70.46           134.56
7790.82         70.61           47.21
7822.87         70.73           -40.86
7855.05         70.89           -129.68
7887.36         71.08           141.13
7919.80         71.21           51.86
7952.38         71.35           -37.18
7985.09         71.43           -126.88
8017.93         71.55           144.07
8050.91         71.65           54.74
8084.03         71.69           -34.78
8117.28         71.66           -124.78
8150.67         71.61           144.65
8184.20         71.46           54.22
8217.86         71.27           -36.38
8251.66         71.12           -127.38
8285.60         70.91           140.70
8319.68         70.73           48.50
8353.91         70.51           -44.54
8388.27         70.24           -138.00
8422.77         70.01           128.36
8457.42         69.81           34.36
8492.21         69.68           -60.64
8527.14         69.50           -156.32
8562.21         69.36           108.65
8597.43         69.25           12.88
8632.79         69.22           -82.89
8668.30         69.15           -178.50
8703.96         69.13           85.37
8739.76         69.00           -11.14
8775.71         68.77           -107.35
8811.81         68.58           156.62
8848.05         68.29           60.63
8884.45         68.03           -35.23
8920.99         67.76           -131.53
8957.69         67.48           131.89
8994.54         67.14           31.83
9031.53         66.84           -68.69
9068.68         66.58           -170.33
9105.98         66.36           86.99
9143.44         66.28           -15.64
9181.05         66.31           -118.04
9218.82         66.34           139.08
9256.74         66.26           36.89
9294.81         66.38           -64.45
9333.04         66.52           -166.08
9371.43         66.54           92.67
9409.98         66.76           -8.45
9448.69         66.91           -109.11
9487.55         67.03           151.33
9526.58         67.10           52.14
9565.76         67.14           -42.79
9605.11         67.17           -132.73
9644.62         67.22           139.94
9684.29         67.31           54.63
9724.13         67.41           -29.71
9764.12         67.41           -114.05
9804.29         67.54           162.19
9844.61         67.77           77.98
9885.11         67.89           -6.33
9925.77         67.99           -90.78
9966.60         68.22           -175.57
10007.59        68.29           99.61
10048.76        68.35           15.17
10090.09        68.40           -69.90
10131.59        68.53           -155.06
10173.27        68.65           120.26
10215.12        68.78           32.68
10257.13        68.83           -56.16
10299.32        68.90           -145.61
10341.69        68.91           124.80
10384.23        68.96           35.47
10426.94        68.92           -54.30
10469.83        68.85           -144.26
10512.90        68.77           125.80
10556.14        68.65           35.73
10599.56        68.45           -54.67
10643.16        68.34           -145.59
10686.94        68.21           123.92
10730.90        68.13           33.29
10775.04        68.00           -57.93
10819.36        67.98           -149.81
10863.86        67.95           117.93
10908.55        67.93           25.68
10953.42        67.80           -68.03
10998.47        67.64           -161.81
11043.71        67.39           104.63
11089.14        67.11           11.40
11134.75        66.75           -82.41
11180.55        66.39           -176.63
11226.54        66.12           88.80
11272.72        65.75           -5.09
11319.09        65.44           -98.79
11365.65        65.28           167.01
11412.40        65.18           72.46
11459.34        65.17           -22.84
11506.48        65.02           -118.56
11553.81        64.89           144.97
11601.33        64.74           48.02
11649.05        64.60           -48.51
11696.97        64.58           -145.27
11745.08        64.44           116.59
11793.39        64.31           17.18
11841.90        64.17           -81.43
11890.61        64.08           -179.93
11939.52        63.84           80.77
11988.63        63.82           -19.11
12037.95        63.79           -119.22
12087.46        63.71           139.68
12137.18        63.65           38.73
12187.11        63.60           -62.60
12237.24        63.60           -164.00
12287.57        63.51           93.86
12338.12        63.46           -9.31
12388.87        63.37           -113.36
12439.83        63.08           141.37
12490.99        62.81           35.62
12542.37        62.57           -69.23
12593.96        62.27           -165.73
12645.77        61.88           132.03
12697.78        61.84           53.47
12750.01        61.79           -25.78
12802.46        61.62           -85.78
12855.12        61.68           -143.13
12908.00        61.62           158.94
12961.09        61.43           111.96
13014.40        61.23           76.48
13067.94        61.14           41.53
13121.69        61.00           6.99
13175.66        60.78           -33.35
13229.86        60.74           -91.73
13284.28        60.92           -149.39
13338.92        60.98           153.11
13393.79        61.31           84.37
13448.88        61.72           -19.83
13504.20        61.95           -108.75
13559.75        62.08           161.08
13615.52        62.25           51.68
13671.53        62.18           -61.80
13727.76        62.26           -175.12
13784.23        62.56           59.95
13840.93        62.84           -78.50
13897.86        63.25           141.20
13955.03        63.67           0.43
14012.43        64.06           -136.10
14070.06        64.38           104.34
14127.94        64.53           -16.10
14186.05        64.65           -138.39
14244.40        64.66           100.31
14303.00        64.56           -21.48
14361.83        64.52           -143.37
14420.90        64.56           95.34
14480.22        64.68           -27.14
14539.78        64.87           -150.68
14599.59        64.94           84.05
14659.64        64.87           -41.79
14719.94        64.81           -168.48
14780.49        64.57           65.74
14841.29        64.22           -62.14
14902.33        63.90           -167.19
14963.63        63.52           90.48
15025.18        63.25           -11.18
15086.98        63.11           -103.83
15149.04        63.06           175.39
15211.35        63.00           93.41
15273.92        62.90           11.02
15336.75        62.61           -74.65
15399.83        62.19           158.02
15463.18        61.72           23.98
15526.78        61.28           -130.32
15590.65        60.99           78.07
15654.78        60.64           -79.77
15719.17        60.53           -157.81
15783.83        60.57           143.02
15848.75        60.45           99.45
15913.95        60.29           89.04
15979.40        60.15           125.76
16045.13        59.95           177.23
16111.13        59.62           -167.46
16177.40        59.44           -127.30
16243.95        59.32           -122.85
16310.76        59.24           -106.14
16377.85        59.34           -35.10
16445.22        59.42           83.51
16512.87        59.46           -105.38
16580.79        59.39           83.27
16648.99        59.47           -97.59
16717.47        59.38           15.72
16786.23        59.15           76.92
16855.28        59.12           158.80
16924.61        59.17           -148.35
16994.23        59.22           -108.10
17064.13        59.24           -104.19
17134.32        59.23           -72.92
17204.80        59.27           -33.63
17275.57        59.40           7.67
17346.63        59.48           -6.45
17417.98        59.45           -5.61
17489.63        59.49           -24.05
17561.57        59.52           -118.47
17633.80        59.54           63.77
17706.34        59.49           -113.86
17779.17        59.53           22.58
17852.30        59.60           -99.57
17925.73        59.74           120.93
17999.47        59.78           0.23
18073.50        59.92           -161.20
18147.85        59.96           48.32
18222.49        60.16           -144.56
18297.45        60.16           12.43
18372.71        60.14           -162.83
18448.29        60.22           62.69
18524.17        60.38           -72.71
18600.36        60.57           141.69
18676.87        60.60           36.88
18753.70        60.75           17.51
18830.84        60.77           -2.39
18908.29        60.92           -22.38
18986.07        60.93           -93.61
19064.17        60.98           165.84
19142.58        60.98           62.33
19221.32        60.94           20.81
19300.38        60.89           28.86
19379.77        60.78           135.14
19459.49        60.81           -98.66
19539.53        60.78           65.76
19619.90        60.71           -89.10
19700.61        60.59           86.02
19781.64        60.37           -110.42
19863.01        60.27           20.04
19944.71        60.08           89.09
20026.75        59.94           -129.63
20109.13        59.74           45.57
20191.84        59.67           -89.07
20274.90        59.47           178.81
20358.29        59.48           94.58
20442.04        59.43           71.50
20526.12        59.47           43.63
20610.55        59.39           -68.47
20695.33        59.32           138.13
20780.45        59.32           -74.25
20865.93        59.40           63.69
20951.76        59.42           -137.25
21037.94        59.42           37.66
21124.47        59.50           -18.32
21211.37        59.55           15.88
21298.62        59.59           -3.59
21386.22        59.66           -10.13
21474.19        59.74           -82.39
21562.52        59.77           146.45
21651.22        59.74           49.26
21740.28        59.76           -165.76
21829.70        59.76           -44.25
21919.49        59.80           -170.66
22009.65        59.80           85.96
22100.19        59.79           -50.53
22191.09        59.79           176.76
22282.37        59.78           -89.72
22374.03        59.80           -8.48
22466.06        59.81           12.11
22558.47        59.82           -81.05
22651.26        59.80           126.50
22744.43        59.74           -25.28
22837.98        59.68           -159.75
22931.92        59.73           22.05
23026.25        59.72           156.58
23120.96        59.72           -47.35
23216.07        59.79           152.37
23311.56        59.87           -23.91
23407.45        59.91           130.80
23503.73        59.91           19.49
23600.41        59.86           -108.78
23697.49        59.94           166.41
23794.96        59.94           97.43
23892.84        59.90           59.66
23991.12        59.90           99.27
24089.80        59.95           -100.74
24188.89        60.04           127.03
24288.39        60.14           -57.29
24388.29        60.13           173.49
24488.61        60.21           7.49
24589.34        60.19           93.33
24690.48        60.19           95.74
24792.04        60.16           64.83
24894.02        60.22           34.37
24996.42        60.31           -22.60
25099.24        60.35           -94.08
25202.48        60.30           -161.93
25306.14        60.37           94.33
25410.23        60.39           -66.53
25514.75        60.43           106.35
25619.71        60.49           155.55
25725.09        60.47           161.05
25830.90        60.55           -85.47
25937.15        60.52           63.18
26043.84        60.59           -56.50
26150.97        60.65           -62.27
26258.53        60.67           -92.13
26366.54        60.71           165.29
26475.00        60.72           69.64
26583.90        60.65           -35.04
26693.24        60.66           -151.29
26803.04        60.74           166.50
26913.29        60.70           -138.45
27023.99        60.76           -110.06
27135.15        60.81           -65.51
27246.77        60.87           -35.32
27358.84        60.87           -16.00
27471.38        60.83           -25.48
27584.38        60.96           -81.59
27697.84        60.95           145.40
27811.77        61.03           0.02
27926.17        61.08           -99.80
28041.04        61.15           -120.60
28156.38        61.20           140.63
28272.19        61.25           17.21
28388.49        61.29           -88.10
28505.26        61.33           -119.87
28622.51        61.40           178.39
28740.24        61.42           132.75
28858.46        61.42           76.76
28977.16        61.39           82.23
29096.36        61.48           101.54
29216.04        61.49           106.70
29336.21        61.45           72.66
29456.88        61.45           76.49
29578.05        61.44           127.69
29699.71        61.46           -161.58
29821.88        61.37           -144.63
29944.54        61.35           -66.46
30067.71        61.34           28.54
30191.39        61.29           132.63
30315.58        61.34           152.36
30440.28        61.27           88.47
30565.49        61.30           75.45
30691.21        61.29           81.50
30817.46        61.34           79.21
30944.22        61.31           -74.51
31071.50        61.33           -4.82
31199.31        61.40           76.85
31327.64        61.47           173.11
31456.50        61.46           -50.12
31585.89        61.42           156.95
31715.81        61.51           92.23
31846.27        61.49           -7.02
31977.26        61.60           -56.59
32108.80        61.66           -99.83
32240.87        61.57           171.34
32373.49        61.59           70.88
32506.65        61.62           -112.39
32640.36        61.68           53.60
32774.62        61.69           -173.21
32909.43        61.77           38.98
33044.80        61.85           -62.23
33180.72        61.87           -148.78
33317.21        61.86           16.09
33454.25        61.86           -27.01
33591.86        61.91           -175.96
33730.04        61.93           -101.48
33868.78        61.99           -28.63
34008.09        62.03           -75.77
34147.98        62.13           141.04
34288.44        62.19           1.23
34429.48        62.28           -127.21
34571.10        62.29           -132.89
34713.30        62.41           -156.13
34856.09        62.43           -141.49
34999.46        62.39           -107.68
35143.43        62.37           -74.14
35287.98        62.34           17.07
35433.13        62.38           166.88
35578.88        62.44           -15.26
35725.23        62.48           -154.21
35872.18        62.52           84.04
36019.73        62.58           35.24
36167.89        62.61           163.08
36316.66        62.56           23.43
36466.04        62.59           32.97
36616.04        62.58           34.49
36766.65        62.65           -3.50
36917.89        62.68           43.27
37069.74        62.74           56.37
37222.22        62.79           -25.88
37375.33        62.80           -87.30
37529.07        62.86           141.46
37683.43        62.86           32.76
37838.44        62.88           -48.93
37994.08        62.92           172.59
38150.36        62.99           47.39
38307.29        63.06           -125.93
38464.86        63.09           -22.99
38623.07        63.19           29.26
38781.94        63.30           -35.56
38941.46        63.43           162.76
39101.64        63.39           -70.80
39262.48        63.42           -15.24
39423.98        63.44           137.39
39586.14        63.51           94.32
39748.98        63.63           143.94
39912.48        63.65           -92.02
40076.65        63.69           21.32
40241.50        63.73           -91.44
40407.02        63.80           -131.20
40573.23        63.81           -140.05
40740.12        63.80           -107.71
40907.70        63.80           -45.57
41075.96        63.82           52.79
41244.92        63.81           179.01
41414.57        63.79           88.36
41584.93        63.89           148.21
41755.98        63.91           -85.78
41927.73        63.92           -11.59
42100.19        63.94           -23.85
42273.36        63.96           -131.82
42447.25        64.06           172.63
42621.84        64.15           125.07
42797.16        64.20           53.54
42973.20        64.28           -46.90
43149.96        64.38           -176.86
43327.45        64.51           -20.18
43505.67        64.57           99.52
43684.62        64.60           -115.17
43864.31        64.66           48.87
44044.74        64.71           -111.36
44225.91        64.75           -47.47
44407.82        64.78           -63.41
44590.49        64.90           -57.19
