Freq[Hz]        [dBSPL]         Phase[Deg]
10.00           107.19          -135.20
10.04           107.17          -136.23
10.08           107.15          -137.38
10.12           107.14          -138.64
10.17           107.12          -140.01
10.21           107.10          -141.48
10.25           107.09          -143.04
10.29           107.07          -144.70
10.33           107.04          -147.47
10.38           107.00          -150.53
10.42           106.97          -153.86
10.46           106.94          -157.46
10.50           106.91          -161.31
10.55           106.88          -165.38
10.59           106.86          -169.67
10.64           106.83          -174.14
10.68           106.81          -178.78
10.72           106.78          176.46
10.77           106.76          171.58
10.81           106.74          166.62
10.86           106.72          161.61
10.90           106.70          156.57
10.95           106.68          151.54
10.99           106.66          146.54
11.04           106.64          141.60
11.08           106.63          136.76
11.13           106.61          132.05
11.17           106.59          127.50
11.22           106.58          123.14
11.26           106.56          119.00
11.31           106.54          115.13
11.36           106.53          111.56
11.40           106.51          108.33
11.45           106.49          105.47
11.50           106.48          103.01
11.55           106.46          100.98
11.59           106.44          99.41
11.64           106.42          98.32
11.69           106.40          97.71
11.74           106.38          97.61
11.78           106.35          98.01
11.83           106.33          98.92
11.88           106.30          100.33
11.93           106.27          102.24
11.98           106.23          104.63
12.03           106.20          107.48
12.08           106.16          110.77
12.13           106.11          114.46
12.18           106.07          118.53
12.23           106.01          122.94
12.28           105.95          127.65
12.33           105.89          132.62
12.38           105.82          137.83
12.43           105.74          143.22
12.48           105.66          148.77
12.53           105.57          154.42
12.58           105.47          160.14
12.64           105.36          165.89
12.69           105.25          171.62
12.74           105.12          177.28
12.79           104.99          -177.16
12.85           104.84          -171.77
12.90           104.68          -166.57
12.95           104.52          -161.62
13.00           104.34          -156.94
13.06           104.15          -152.57
13.11           103.94          -148.54
13.17           103.73          -144.87
13.22           103.50          -141.58
13.27           103.26          -138.68
13.33           103.01          -136.17
13.38           102.75          -134.07
13.44           102.48          -132.36
13.49           102.19          -131.04
13.55           101.90          -130.09
13.61           101.60          -129.50
13.66           101.29          -129.24
13.72           100.98          -129.28
13.77           100.66          -129.59
13.83           100.34          -130.14
13.89           100.01          -130.91
13.94           99.68           -131.86
14.00           99.36           -132.96
14.06           99.04           -134.18
14.12           98.72           -135.48
14.18           98.41           -136.84
14.23           98.10           -138.20
14.29           97.81           -139.54
14.35           97.53           -140.83
14.41           97.26           -142.04
14.47           97.01           -143.15
14.53           96.77           -144.14
14.59           96.56           -144.99
14.65           96.36           -145.70
14.71           96.18           -146.26
14.77           96.03           -146.69
14.83           95.89           -146.97
14.89           95.78           -147.14
14.95           95.68           -147.20
15.01           95.61           -147.18
15.08           95.55           -147.12
15.14           95.51           -147.04
15.20           95.48           -146.99
15.26           95.47           -147.02
15.33           95.46           -147.17
15.39           95.47           -147.48
15.45           95.48           -148.00
15.52           95.50           -148.78
15.58           95.52           -149.87
15.64           95.55           -151.32
15.71           95.57           -153.18
15.77           95.59           -155.50
15.84           95.61           -158.31
15.90           95.62           -161.65
15.97           95.62           -165.52
16.03           95.62           -169.95
16.10           95.61           -174.94
16.17           95.60           179.53
16.23           95.57           173.46
16.30           95.54           166.89
16.37           95.50           159.85
16.43           95.46           152.39
16.50           95.40           144.56
16.57           95.34           136.44
16.64           95.28           128.11
16.70           95.21           119.64
16.77           95.14           111.15
16.84           95.07           102.72
16.91           95.00           94.46
16.98           94.94           86.47
17.05           94.88           78.85
17.12           94.83           71.71
17.19           94.79           65.15
17.26           94.76           59.27
17.33           94.75           54.14
17.40           94.74           49.83
17.48           94.76           46.41
17.55           94.78           43.90
17.62           94.82           42.36
17.69           94.88           41.78
17.77           94.95           42.19
17.84           95.02           43.58
17.91           95.11           45.92
17.99           95.20           49.18
18.06           95.29           53.31
18.13           95.38           58.24
18.21           95.47           63.91
18.28           95.55           70.22
18.36           95.62           77.08
18.43           95.67           84.40
18.51           95.70           92.09
18.59           95.72           100.06
18.66           95.71           108.21
18.74           95.68           116.45
18.82           95.62           124.71
18.89           95.53           132.91
18.97           95.41           140.98
19.05           95.27           148.84
19.13           95.09           156.44
19.21           94.88           163.72
19.29           94.64           170.62
19.37           94.38           177.10
19.44           94.08           -176.87
19.52           93.75           -171.34
19.61           93.39           -166.33
19.69           93.01           -161.87
19.77           92.61           -157.97
19.85           92.19           -154.65
19.93           91.75           -151.93
20.01           91.31           -149.82
20.09           90.86           -148.34
20.18           90.42           -147.48
20.26           89.98           -147.25
20.34           89.55           -147.64
20.43           89.14           -148.62
20.51           88.75           -150.18
20.59           88.38           -152.27
20.68           88.04           -154.86
20.76           87.72           -157.89
20.85           87.44           -161.32
20.94           87.18           -165.07
21.02           86.94           -169.06
21.11           86.73           -173.21
21.20           86.54           -177.44
21.28           86.36           178.37
21.37           86.19           174.32
21.46           86.02           170.50
21.55           85.85           167.03
21.63           85.68           163.97
21.72           85.51           161.39
21.81           85.32           159.35
21.90           85.13           157.89
21.99           84.92           157.04
22.08           84.70           156.81
22.17           84.46           157.21
22.27           84.20           158.22
22.36           83.93           159.80
22.45           83.63           161.93
22.54           83.32           164.52
22.63           82.99           167.52
22.73           82.65           170.83
22.82           82.29           174.34
22.91           81.92           177.95
23.01           81.54           -178.44
23.10           81.15           -174.90
23.20           80.76           -171.51
23.29           80.36           -168.33
23.39           79.96           -165.41
23.49           79.57           -162.79
23.58           79.18           -160.51
23.68           78.80           -158.57
23.78           78.43           -156.99
23.87           78.08           -155.76
23.97           77.73           -154.85
24.07           77.41           -154.24
24.17           77.11           -153.88
24.27           76.83           -153.71
24.37           76.58           -153.68
24.47           76.36           -153.72
24.57           76.16           -153.78
24.67           76.00           -153.84
24.77           75.87           -153.85
24.88           75.78           -153.78
24.98           75.72           -153.62
25.08           75.70           -153.35
25.18           75.71           -152.98
25.29           75.76           -152.49
25.39           75.84           -151.90
25.50           75.95           -151.23
25.60           76.09           -150.51
25.71           76.26           -149.77
25.81           76.46           -149.04
25.92           76.67           -148.35
26.02           76.90           -147.72
26.13           77.15           -147.14
26.24           77.41           -146.60
26.35           77.67           -146.07
26.45           77.94           -145.52
26.56           78.21           -144.90
26.67           78.48           -144.13
26.78           78.74           -143.14
26.89           78.99           -141.84
27.00           79.22           -140.11
27.11           79.44           -137.83
27.23           79.64           -134.88
27.34           79.82           -131.17
27.45           79.97           -126.64
27.56           80.10           -121.25
27.68           80.20           -115.00
27.79           80.28           -107.95
27.90           80.33           -100.17
28.02           80.35           -91.78
28.14           80.35           -82.94
28.25           80.33           -73.85
28.37           80.28           -64.74
28.48           80.21           -55.90
28.60           80.11           -47.63
28.72           80.00           -40.23
28.84           79.87           -33.95
28.96           79.72           -29.01
29.07           79.56           -25.54
29.19           79.38           -23.62
29.31           79.19           -23.26
29.43           78.98           -24.40
29.56           78.75           -26.89
29.68           78.50           -30.52
29.80           78.24           -35.01
29.92           77.94           -39.99
30.04           77.62           -45.05
30.17           77.27           -49.76
30.29           76.88           -53.73
30.42           76.46           -56.59
30.54           75.99           -58.04
30.67           75.49           -57.86
30.79           74.93           -55.94
30.92           74.32           -52.24
31.05           73.66           -46.81
31.18           72.93           -39.81
31.30           72.14           -31.49
31.43           71.30           -22.17
31.56           70.39           -12.22
31.69           69.43           -2.03
31.82           68.44           8.02
31.95           67.45           17.54
32.08           66.48           26.22
32.22           65.56           33.83
32.35           64.74           40.24
32.48           64.04           45.37
32.62           63.47           49.25
32.75           63.06           51.99
32.88           62.80           53.78
33.02           62.67           54.85
33.16           62.66           55.44
33.29           62.74           55.85
33.43           62.89           56.38
33.57           63.10           57.31
33.70           63.35           58.86
33.84           63.64           61.17
33.98           63.98           64.37
34.12           64.34           68.47
34.26           64.74           73.47
34.40           65.18           79.31
34.54           65.66           85.86
34.69           66.16           92.99
34.83           66.68           100.50
34.97           67.21           108.17
35.12           67.73           115.79
35.26           68.22           123.16
35.41           68.68           130.12
35.55           69.07           136.49
35.70           69.40           142.16
35.84           69.65           147.02
35.99           69.83           150.99
36.14           69.95           154.06
36.29           70.01           156.24
36.44           70.01           157.57
36.59           69.96           158.13
36.74           69.85           158.02
36.89           69.68           157.34
37.04           69.46           156.24
37.19           69.17           154.85
37.35           68.81           153.32
37.50           68.38           151.76
37.65           67.90           150.31
37.81           67.36           149.06
37.97           66.82           148.12
38.12           66.31           147.57
38.28           65.89           147.45
38.44           65.60           147.79
38.59           65.49           148.59
38.75           65.55           149.82
38.91           65.78           151.45
39.07           66.15           153.40
39.23           66.60           155.60
39.39           67.09           157.93
39.56           67.57           160.30
39.72           68.01           162.58
39.88           68.37           164.67
40.05           68.64           166.47
40.21           68.83           167.92
40.38           68.94           168.98
40.54           68.98           169.60
40.71           68.96           169.81
40.88           68.89           169.63
41.04           68.76           169.11
41.21           68.58           168.32
41.38           68.33           167.36
41.55           68.00           166.31
41.72           67.58           165.25
41.90           67.07           164.22
42.07           66.45           163.26
42.24           65.75           162.39
42.42           65.02           161.62
42.59           64.33           160.92
42.76           63.77           160.23
42.94           63.42           159.48
43.12           63.30           158.60
43.29           63.39           157.50
43.47           63.65           156.12
43.65           64.02           154.38
43.83           64.47           152.20
44.01           64.95           149.53
44.19           65.45           146.31
44.37           65.94           142.54
44.56           66.41           138.21
44.74           66.87           133.38
44.92           67.31           128.13
45.11           67.72           122.54
45.29           68.12           116.76
45.48           68.49           110.95
45.67           68.85           105.29
45.86           69.20           99.95
46.04           69.54           95.06
46.23           69.87           90.74
46.42           70.18           87.05
46.61           70.49           84.05
46.81           70.79           81.75
47.00           71.07           80.13
47.19           71.33           79.15
47.39           71.58           78.75
47.58           71.80           78.88
47.78           72.01           79.47
47.97           72.19           80.42
48.17           72.34           81.66
48.37           72.48           83.09
48.57           72.58           84.60
48.77           72.66           86.09
48.97           72.71           87.48
49.17           72.73           88.70
49.37           72.74           89.71
49.58           72.72           90.49
49.78           72.69           91.03
49.98           72.66           91.33
50.19           72.62           91.42
50.40           72.60           91.31
50.60           72.59           91.00
50.81           72.59           90.48
51.02           72.62           89.72
51.23           72.65           88.71
51.44           72.69           87.39
51.65           72.74           85.75
51.86           72.78           83.79
52.08           72.81           81.51
52.29           72.84           78.94
52.51           72.86           76.12
52.72           72.89           73.14
52.94           72.91           70.04
53.16           72.93           66.89
53.38           72.95           63.72
53.60           72.97           60.56
53.82           73.00           57.41
54.04           73.03           54.29
54.26           73.09           51.18
54.48           73.16           48.10
54.71           73.28           45.08
54.93           73.42           42.16
55.16           73.59           39.36
55.39           73.76           36.72
55.61           73.93           34.27
55.84           74.07           32.01
56.07           74.18           29.90
56.30           74.25           27.91
56.53           74.30           25.96
56.77           74.31           24.02
57.00           74.31           22.03
57.23           74.30           19.96
57.47           74.27           17.82
57.71           74.25           15.67
57.94           74.22           13.56
58.18           74.18           11.57
58.42           74.15           9.78
58.66           74.11           8.27
58.90           74.08           7.06
59.15           74.06           6.11
59.39           74.07           5.38
59.63           74.10           4.79
59.88           74.17           4.24
60.12           74.25           3.66
60.37           74.36           2.98
60.62           74.47           2.22
60.87           74.59           1.41
61.12           74.70           0.59
61.37           74.82           -0.19
61.62           74.93           -0.89
61.88           75.05           -1.55
62.13           75.19           -2.20
62.39           75.33           -2.93
62.64           75.49           -3.83
62.90           75.67           -4.94
63.16           75.86           -6.28
63.42           76.05           -7.85
63.68           76.25           -9.56
63.94           76.46           -11.36
64.21           76.68           -13.15
64.47           76.92           -14.92
64.74           77.18           -16.63
65.00           77.43           -18.32
65.27           77.68           -20.04
65.54           77.91           -21.84
65.81           78.10           -23.75
66.08           78.24           -25.80
66.35           78.34           -28.01
66.62           78.42           -30.36
66.90           78.46           -32.84
67.17           78.50           -35.45
67.45           78.54           -38.19
67.73           78.59           -41.03
68.00           78.64           -43.95
68.28           78.70           -46.93
68.56           78.76           -49.91
68.85           78.82           -52.87
69.13           78.88           -55.81
69.41           78.95           -58.77
69.70           79.03           -61.82
69.99           79.13           -65.03
70.27           79.26           -68.46
70.56           79.41           -72.13
70.85           79.57           -76.00
71.14           79.71           -80.00
71.44           79.83           -84.00
71.73           79.91           -87.90
72.03           79.94           -91.68
72.32           79.94           -95.33
72.62           79.90           -98.92
72.92           79.82           -102.56
73.22           79.72           -106.31
73.52           79.59           -110.21
73.82           79.44           -114.24
74.13           79.26           -118.36
74.43           79.06           -122.46
74.74           78.82           -126.45
75.04           78.56           -130.27
75.35           78.28           -133.87
75.66           77.98           -137.24
75.97           77.69           -140.40
76.29           77.40           -143.37
76.60           77.13           -146.16
76.92           76.87           -148.75
77.23           76.62           -151.13
77.55           76.37           -153.27
77.87           76.10           -155.18
78.19           75.81           -156.91
78.51           75.48           -158.55
78.83           75.11           -160.16
79.16           74.70           -161.79
79.48           74.24           -163.40
79.81           73.73           -164.96
80.14           73.19           -166.41
80.47           72.61           -167.74
80.80           72.00           -169.02
81.13           71.39           -170.31
81.47           70.77           -171.73
81.80           70.17           -173.31
82.14           69.58           -174.97
82.47           69.05           -176.54
82.81           68.59           -177.75
83.15           68.26           -178.39
83.50           68.06           -178.40
83.84           67.99           -177.89
84.19           67.99           -177.21
84.53           68.03           -176.66
84.88           68.04           -176.37
85.23           68.03           -176.24
85.58           67.97           -175.84
85.93           67.87           -174.74
86.28           67.73           -172.82
86.64           67.56           -170.28
87.00           67.36           -167.77
87.35           67.14           -166.00
87.71           66.89           -165.49
88.07           66.61           -166.40
88.44           66.29           -168.48
88.80           65.96           -171.22
89.16           65.66           -174.04
89.53           65.48           -176.39
89.90           65.52           -177.93
90.27           65.79           -178.64
90.64           66.20           -178.84
91.01           66.62           -179.11
91.39           66.91           179.94
91.76           67.08           178.08
92.14           67.16           175.47
92.52           67.22           172.66
92.90           67.28           170.26
93.28           67.38           168.59
93.67           67.52           167.63
94.05           67.72           167.05
94.44           67.93           166.46
94.83           68.12           165.59
95.22           68.26           164.34
95.61           68.34           162.77
96.00           68.34           160.96
96.40           68.26           159.00
96.79           68.13           156.91
97.19           68.03           154.70
97.59           67.96           152.36
97.99           67.91           149.88
98.40           67.86           147.21
98.80           67.80           144.33
99.21           67.70           141.30
99.62           67.53           138.20
100.03          67.30           135.19
100.44          67.02           132.33
100.85          66.73           129.60
101.26          66.43           126.89
101.68          66.12           124.05
102.10          65.78           121.00
102.52          65.44           117.78
102.94          65.15           114.50
103.36          64.96           111.19
103.79          64.87           107.77
104.22          64.86           104.03
104.65          64.89           99.88
105.08          64.94           95.44
105.51          65.04           90.98
105.94          65.20           86.79
106.38          65.41           83.00
106.82          65.65           79.62
107.25          65.83           76.65
107.70          65.91           74.00
108.14          65.90           71.43
108.58          65.80           68.54
109.03          65.68           64.97
109.48          65.58           60.49
109.93          65.56           55.15
110.38          65.66           49.27
110.84          65.90           43.46
111.29          66.26           38.37
111.75          66.65           34.30
112.21          66.97           30.95
112.67          67.14           27.64
113.13          67.14           23.67
113.60          67.01           18.61
114.07          66.84           12.32
114.54          66.72           4.93
115.01          66.74           -3.19
115.48          66.92           -11.44
115.95          67.28           -19.27
116.43          67.74           -26.30
116.91          68.18           -32.34
117.39          68.52           -37.47
117.87          68.70           -42.07
118.36          68.74           -46.86
118.85          68.68           -52.48
119.33          68.62           -59.07
119.83          68.63           -66.27
120.32          68.78           -73.54
120.81          69.05           -80.41
121.31          69.39           -86.56
121.81          69.70           -91.86
122.31          69.95           -96.42
122.81          70.09           -100.61
123.32          70.12           -104.80
123.83          70.07           -109.33
124.34          69.99           -114.39
124.85          69.96           -120.03
125.36          70.03           -126.03
125.88          70.20           -131.94
126.39          70.44           -137.35
126.91          70.68           -142.05
127.44          70.86           -146.12
127.96          70.95           -149.82
128.49          70.93           -153.57
129.01          70.85           -157.75
129.55          70.75           -162.53
130.08          70.70           -167.78
130.61          70.75           -173.18
131.15          70.87           -178.36
131.69          71.00           176.96
132.23          71.08           172.87
132.78          71.09           169.22
133.32          71.01           165.72
133.87          70.87           162.01
134.42          70.69           157.83
134.97          70.52           153.17
135.53          70.41           148.36
136.09          70.39           143.83
136.65          70.40           139.90
137.21          70.39           136.61
137.77          70.33           133.76
138.34          70.19           130.90
138.91          69.94           127.62
139.48          69.63           123.80
140.05          69.34           119.64
140.63          69.13           115.48
141.21          69.04           111.74
141.79          69.00           108.70
142.37          68.93           106.32
142.96          68.77           104.27
143.55          68.52           102.20
144.14          68.21           99.75
144.73          67.86           96.76
145.32          67.57           93.40
145.92          67.41           90.09
146.52          67.35           87.23
147.13          67.29           85.13
147.73          67.18           83.80
148.34          67.01           82.73
148.95          66.76           81.26
149.56          66.44           79.14
150.18          66.06           76.54
150.79          65.74           73.81
151.41          65.55           71.48
152.04          65.49           69.95
152.66          65.43           68.90
153.29          65.32           67.79
153.92          65.10           66.41
154.55          64.78           64.73
155.19          64.39           62.85
155.83          64.06           61.03
156.47          63.90           59.56
157.11          63.81           58.72
157.76          63.69           58.55
158.41          63.55           58.51
159.06          63.37           57.97
159.71          63.13           56.96
160.37          62.89           55.88
161.03          62.75           54.99
161.69          62.72           54.47
162.36          62.71           54.35
163.03          62.69           54.26
163.70          62.65           53.94
164.37          62.62           53.43
165.05          62.63           52.79
165.72          62.68           52.09
166.41          62.68           51.34
167.09          62.61           50.54
167.78          62.54           49.62
168.47          62.52           48.58
169.16          62.56           47.65
169.86          62.67           47.19
170.56          62.75           47.17
171.26          62.64           47.12
171.96          62.40           46.51
172.67          62.27           45.09
173.38          62.32           43.03
174.09          62.59           40.35
174.81          63.10           37.41
175.53          63.54           35.60
176.25          63.60           35.45
176.97          63.45           35.42
177.70          63.35           34.03
178.43          63.42           31.28
179.17          63.75           28.51
179.90          64.15           27.11
180.64          64.29           26.72
181.39          64.19           25.84
182.13          64.07           23.62
182.88          64.09           20.17
183.63          64.29           16.78
184.39          64.55           15.23
185.15          64.64           16.00
185.91          64.40           17.71
186.67          64.00           17.81
187.44          63.80           15.03
188.21          63.90           11.25
188.99          64.14           8.80
189.76          64.25           8.16
190.55          64.05           8.23
191.33          63.67           6.77
192.12          63.48           3.28
192.91          63.59           -0.19
193.70          63.82           -2.12
194.50          63.87           -2.51
195.30          63.68           -2.97
196.10          63.36           -5.38
196.91          63.21           -9.17
197.72          63.38           -12.40
198.53          63.51           -13.75
199.35          63.46           -13.84
200.17          63.26           -15.08
200.99          63.02           -18.03
201.82          63.01           -21.20
202.65          63.14           -23.10
203.48          63.12           -22.98
204.32          62.92           -22.11
205.16          62.55           -22.21
206.00          62.19           -23.26
206.85          62.30           -24.07
207.70          62.63           -23.36
208.55          62.80           -21.23
209.41          62.81           -19.36
210.27          62.84           -19.14
211.14          63.18           -20.11
212.01          63.59           -20.86
212.88          63.85           -20.75
213.75          64.04           -20.61
214.63          64.31           -21.42
215.52          64.63           -22.93
216.40          64.94           -24.86
217.29          65.21           -27.30
218.19          65.49           -29.97
219.08          65.78           -32.71
219.99          65.93           -35.64
220.89          65.95           -39.41
221.80          65.97           -44.10
222.71          66.06           -48.65
223.63          66.20           -51.92
224.55          66.22           -54.34
225.47          66.12           -57.80
226.40          66.06           -61.87
227.33          66.16           -64.75
228.26          66.18           -66.20
229.20          65.97           -67.88
230.15          65.80           -71.23
231.09          65.77           -74.29
232.04          65.83           -75.80
233.00          65.72           -76.84
233.96          65.50           -79.13
234.92          65.38           -82.41
235.88          65.49           -84.42
236.86          65.54           -84.86
237.83          65.31           -85.57
238.81          65.11           -88.45
239.79          65.24           -91.21
240.78          65.51           -92.13
241.77          65.49           -92.84
242.76          65.35           -95.40
243.76          65.46           -98.94
244.76          65.73           -100.73
245.77          65.78           -101.49
246.78          65.67           -103.51
247.80          65.72           -106.68
248.81          65.93           -108.67
249.84          66.00           -109.97
250.87          65.89           -112.61
251.90          65.90           -116.44
252.93          66.05           -119.26
253.97          66.08           -121.09
255.02          65.97           -123.82
256.07          65.92           -127.27
257.12          65.92           -130.30
258.18          65.87           -133.09
259.24          65.79           -136.51
260.31          65.69           -139.86
261.38          65.64           -142.98
262.45          65.58           -146.10
263.53          65.50           -149.23
264.62          65.42           -152.30
265.70          65.33           -155.02
266.80          65.25           -157.89
267.90          65.10           -160.91
269.00          64.88           -163.75
270.10          64.69           -166.54
271.21          64.56           -168.94
272.33          64.33           -170.95
273.45          64.09           -173.00
274.58          63.92           -175.35
275.70          63.82           -176.64
276.84          63.56           -177.46
277.98          63.33           -178.89
279.12          63.24           179.09
280.27          63.21           178.55
281.42          62.89           178.25
282.58          62.82           176.82
283.74          63.08           176.11
284.91          63.20           176.94
286.08          63.12           176.18
287.26          63.40           174.51
288.44          63.86           174.38
289.63          63.85           173.66
290.82          63.91           171.76
292.01          64.38           171.60
293.21          64.56           170.89
294.42          64.78           168.63
295.63          65.24           166.53
296.85          65.50           165.73
298.07          65.66           163.46
299.29          66.12           160.02
300.53          66.45           157.94
301.76          66.63           155.13
303.00          66.95           151.23
304.25          67.26           148.07
305.50          67.46           145.23
306.76          67.62           141.63
308.02          67.84           138.45
309.29          68.08           134.84
310.56          68.27           130.24
311.84          68.44           126.70
313.12          68.65           122.78
314.41          68.84           118.61
315.70          68.96           114.44
317.00          69.14           110.23
318.30          69.25           106.46
319.61          69.31           101.92
320.93          69.41           97.93
322.25          69.46           94.21
323.57          69.48           89.77
324.90          69.56           85.70
326.24          69.61           81.85
327.58          69.62           77.13
328.93          69.70           73.21
330.28          69.66           69.69
331.64          69.67           65.00
333.00          69.68           61.35
334.37          69.58           57.33
335.75          69.63           52.77
337.13          69.62           49.13
338.52          69.57           44.88
339.91          69.61           41.00
341.31          69.51           37.52
342.71          69.44           33.17
344.12          69.45           29.85
345.54          69.34           26.18
346.96          69.29           21.95
348.38          69.31           17.87
349.82          69.23           14.26
351.26          69.13           9.72
352.70          69.17           6.05
354.15          68.99           1.94
355.61          68.97           -2.31
357.07          68.88           -5.58
358.54          68.74           -9.50
360.02          68.65           -13.19
361.50          68.46           -17.15
362.98          68.45           -21.47
364.48          68.38           -24.62
365.98          68.24           -29.12
367.48          68.27           -32.66
368.99          68.10           -36.00
370.51          67.97           -39.47
372.03          67.83           -42.96
373.56          67.76           -46.11
375.10          67.60           -49.24
376.64          67.57           -51.97
378.19          67.44           -54.51
379.75          67.30           -58.61
381.31          67.23           -61.75
382.88          67.04           -65.06
384.45          67.02           -68.50
386.04          66.89           -70.80
387.62          66.68           -74.68
389.22          66.65           -77.12
390.82          66.37           -79.89
392.43          66.34           -82.90
394.04          66.24           -85.97
395.66          66.22           -88.92
397.29          66.17           -92.01
398.92          66.03           -94.79
400.56          65.91           -98.05
402.21          65.81           -101.55
403.87          65.78           -104.73
405.53          65.69           -107.25
407.20          65.57           -108.88
408.87          65.48           -112.51
410.55          65.49           -115.68
412.24          65.49           -118.72
413.94          65.27           -122.75
415.64          65.36           -126.68
417.35          65.25           -129.64
419.07          65.17           -133.26
420.79          64.97           -137.02
422.52          64.97           -140.09
424.26          64.77           -143.23
426.00          64.86           -146.92
427.76          64.75           -150.27
429.51          64.69           -152.57
431.28          64.54           -156.31
433.06          64.70           -160.60
434.84          64.57           -162.77
436.63          64.46           -165.34
438.42          64.41           -168.44
440.22          64.55           -170.58
442.04          64.51           -173.40
443.85          64.45           -176.37
445.68          64.53           -179.11
447.51          64.61           177.88
449.35          64.65           174.94
451.20          64.80           171.23
453.06          64.94           168.53
454.92          65.05           165.53
456.79          65.18           162.26
458.67          65.32           158.65
460.56          65.48           155.28
462.45          65.84           151.38
464.35          65.95           147.22
466.26          66.15           143.89
468.18          66.35           138.83
470.11          66.57           135.13
472.04          66.83           130.39
473.98          66.91           126.60
475.93          67.04           122.11
477.89          67.18           116.54
479.86          67.33           112.60
481.83          67.34           107.50
483.81          67.36           102.91
485.80          67.38           97.89
487.80          67.53           92.91
489.81          67.50           88.21
491.82          67.40           83.80
493.85          67.40           78.33
495.88          67.38           73.61
497.92          67.37           69.38
499.96          67.25           64.58
502.02          67.19           60.55
504.09          67.11           55.74
506.16          67.03           51.87
508.24          67.01           48.43
510.33          66.93           44.10
512.43          66.84           40.72
514.54          66.84           36.58
516.66          66.83           32.43
518.78          66.73           29.47
520.91          66.80           25.74
523.06          66.84           22.44
525.21          66.88           19.43
527.37          66.98           15.92
529.54          66.99           12.62
531.72          67.10           9.42
533.90          67.26           5.54
536.10          67.51           2.08
538.30          67.77           -1.75
540.52          67.92           -5.04
542.74          68.18           -9.38
544.97          68.49           -14.15
547.22          68.79           -18.24
549.47          69.07           -22.39
551.73          69.43           -27.84
554.00          69.66           -33.22
556.28          69.91           -38.46
558.56          70.19           -44.04
560.86          70.37           -49.87
563.17          70.52           -55.53
565.48          70.66           -61.85
567.81          70.84           -68.06
570.15          70.95           -74.09
572.49          71.03           -80.44
574.85          71.13           -87.19
577.21          71.18           -93.63
579.59          71.24           -100.04
581.97          71.21           -106.86
584.36          71.19           -113.23
586.77          71.10           -119.29
589.18          71.04           -125.40
591.60          70.95           -132.38
594.04          70.84           -138.57
596.48          70.73           -144.46
598.93          70.74           -150.28
601.40          70.69           -155.95
603.87          70.55           -161.57
606.36          70.47           -167.38
608.85          70.40           -172.79
611.35          70.33           -178.34
613.87          70.26           176.48
616.39          70.18           171.15
618.93          70.17           165.96
621.47          70.17           160.18
624.03          70.18           154.96
626.60          70.26           149.68
629.18          70.36           144.39
631.76          70.46           138.69
634.36          70.62           133.02
636.97          70.63           127.10
639.59          70.75           120.84
642.22          70.85           114.58
644.86          70.95           108.23
647.52          71.02           101.37
650.18          71.09           94.38
652.85          71.13           86.85
655.54          71.20           79.66
658.24          71.22           72.32
660.94          71.20           65.09
663.66          71.14           57.42
666.39          71.00           49.69
669.13          70.81           42.36
671.89          70.61           35.16
674.65          70.36           27.76
677.42          70.13           20.72
680.21          69.79           14.84
683.01          69.45           9.42
685.82          69.10           4.07
688.64          68.73           -0.09
691.47          68.33           -3.72
694.32          67.99           -6.98
697.17          67.58           -10.40
700.04          67.30           -13.44
702.92          67.08           -16.54
705.81          67.05           -19.60
708.71          67.15           -22.68
711.63          67.33           -26.05
714.56          67.62           -29.61
717.50          67.92           -33.06
720.45          68.20           -37.34
723.41          68.54           -42.37
726.39          68.87           -47.99
729.37          69.15           -53.64
732.37          69.40           -60.70
735.39          69.59           -67.89
738.41          69.76           -75.07
741.45          69.88           -82.79
744.50          70.01           -90.33
747.56          70.15           -97.71
750.64          70.24           -105.33
753.72          70.37           -112.91
756.82          70.44           -120.23
759.94          70.43           -127.61
763.06          70.44           -135.19
766.20          70.45           -142.27
769.35          70.44           -149.54
772.52          70.46           -156.77
775.69          70.47           -164.01
778.89          70.52           -170.99
782.09          70.62           -178.07
785.31          70.64           174.44
788.54          70.71           167.60
791.78          70.78           160.11
795.04          70.80           152.53
798.31          70.81           144.91
801.59          70.78           137.33
804.89          70.77           129.56
808.20          70.82           121.79
811.52          70.81           114.41
814.86          70.81           106.89
818.21          70.82           99.44
821.58          70.81           92.04
824.96          70.77           84.81
828.35          70.72           77.51
831.76          70.68           70.20
835.18          70.68           63.09
838.62          70.63           56.00
842.06          70.62           49.07
845.53          70.59           42.22
849.01          70.64           35.36
852.50          70.64           28.69
856.01          70.69           22.13
859.53          70.73           15.46
863.06          70.81           8.28
866.61          70.88           1.26
870.18          70.96           -6.06
873.76          71.04           -13.73
877.35          71.15           -21.41
880.96          71.24           -29.00
884.58          71.36           -36.76
888.22          71.44           -44.56
891.87          71.51           -52.47
895.54          71.58           -60.50
899.23          71.67           -68.33
902.93          71.72           -76.18
906.64          71.79           -84.56
910.37          71.83           -92.83
914.11          71.86           -101.10
917.87          71.91           -109.37
921.65          71.98           -117.83
925.44          72.03           -126.00
929.25          72.07           -134.15
933.07          72.13           -142.30
936.91          72.18           -150.33
940.76          72.21           -158.65
944.63          72.29           -166.99
948.52          72.37           -175.51
952.42          72.45           176.05
956.33          72.53           167.39
960.27          72.62           158.61
964.22          72.72           150.08
968.18          72.83           141.57
972.17          72.97           132.76
976.17          73.08           124.11
980.18          73.19           115.29
984.21          73.31           106.25
988.26          73.44           97.62
992.33          73.55           88.75
996.41          73.69           79.63
1000.51         73.79           70.58
1004.62         73.93           61.65
1008.75         74.06           52.40
1012.90         74.21           43.20
1017.07         74.35           33.78
1021.25         74.47           24.40
1025.45         74.63           14.86
1029.67         74.79           5.00
1033.91         74.94           -4.68
1038.16         75.11           -14.53
1042.43         75.26           -24.62
1046.72         75.44           -34.60
1051.02         75.59           -45.07
1055.35         75.73           -55.47
1059.69         75.85           -66.11
1064.05         75.98           -76.85
1068.42         76.08           -87.59
1072.82         76.18           -98.38
1077.23         76.27           -109.16
1081.66         76.36           -119.92
1086.11         76.48           -130.80
1090.58         76.57           -142.01
1095.06         76.67           -153.44
1099.57         76.77           -164.94
1104.09         76.85           -176.63
1108.63         76.91           171.89
1113.19         76.92           159.94
1117.77         76.91           147.95
1122.37         76.89           135.67
1126.99         76.86           123.52
1131.62         76.80           111.29
1136.28         76.71           98.90
1140.95         76.61           86.83
1145.64         76.51           74.67
1150.36         76.37           62.47
1155.09         76.20           50.35
1159.84         76.02           38.29
1164.61         75.79           26.49
1169.40         75.55           14.50
1174.21         75.28           2.52
1179.04         74.98           -9.47
1183.89         74.70           -21.28
1188.76         74.40           -33.14
1193.65         74.10           -44.65
1198.56         73.79           -56.02
1203.49         73.48           -67.30
1208.44         73.19           -78.64
1213.41         72.90           -89.96
1218.40         72.57           -101.44
1223.41         72.28           -112.69
1228.45         71.95           -123.91
1233.50         71.63           -134.99
1238.57         71.25           -146.30
1243.67         70.82           -157.54
1248.78         70.37           -168.41
1253.92         70.01           -179.44
1259.08         69.60           169.22
1264.26         69.23           158.32
1269.46         68.92           147.08
1274.68         68.59           135.87
1279.92         68.33           124.63
1285.19         68.05           113.54
1290.47         67.74           102.49
1295.78         67.44           90.71
1301.11         67.02           79.13
1306.46         66.59           67.70
1311.84         66.05           56.77
1317.23         65.62           46.60
1322.65         65.00           36.99
1328.09         64.42           28.55
1333.55         63.67           21.28
1339.04         63.06           16.85
1344.55         62.46           12.75
1350.08         61.88           8.52
1355.63         61.70           3.88
1361.21         61.72           -0.28
1366.81         62.01           -4.83
1372.43         62.55           -9.74
1378.07         63.35           -13.88
1383.74         64.12           -18.80
1389.43         65.12           -24.10
1395.15         66.13           -30.25
1400.89         67.09           -37.52
1406.65         68.00           -45.37
1412.44         68.80           -54.75
1418.25         69.51           -65.29
1424.08         70.19           -78.46
1429.94         70.89           -92.33
1435.82         71.55           -106.22
1441.73         72.19           -120.26
1447.66         72.78           -135.09
1453.61         73.38           -150.04
1459.59         73.91           -165.10
1465.59         74.42           179.34
1471.62         74.94           163.90
1477.68         75.39           147.94
1483.75         75.79           132.22
1489.86         76.15           116.46
1495.98         76.49           100.41
1502.14         76.80           84.26
1508.32         77.09           67.83
1514.52         77.35           51.24
1520.75         77.58           34.57
1527.01         77.76           17.62
1533.29         77.90           0.56
1539.59         78.00           -16.46
1545.93         78.04           -33.52
1552.29         78.06           -50.53
1558.67         78.06           -67.53
1565.08         78.01           -84.56
1571.52         77.94           -101.18
1577.98         77.85           -117.92
1584.47         77.75           -134.25
1590.99         77.64           -150.45
1597.54         77.55           -166.74
1604.11         77.46           176.95
1610.71         77.38           160.58
1617.33         77.29           143.83
1623.98         77.18           127.22
1630.66         77.09           110.68
1637.37         76.98           93.94
1644.11         76.86           77.28
1650.87         76.74           60.63
1657.66         76.59           44.06
1664.48         76.45           27.62
1671.32         76.34           11.12
1678.20         76.25           -5.66
1685.10         76.16           -22.57
1692.03         76.06           -39.74
1698.99         75.89           -57.22
1705.98         75.69           -74.77
1713.00         75.42           -92.37
1720.05         75.13           -109.87
1727.12         74.84           -127.29
1734.22         74.53           -144.80
1741.36         74.28           -162.23
1748.52         74.06           179.98
1755.71         73.85           162.14
1762.93         73.66           143.94
1770.19         73.48           124.91
1777.47         73.22           105.35
1784.78         72.94           85.77
1792.12         72.61           65.67
1799.49         72.21           45.23
1806.89         71.82           24.77
1814.33         71.44           3.95
1821.79         71.07           -17.24
1829.28         70.74           -38.86
1836.81         70.45           -61.51
1844.36         70.18           -84.95
1851.95         69.89           -109.08
1859.57         69.61           -133.56
1867.22         69.44           -159.04
1874.90         69.24           175.58
1882.61         69.06           150.48
1890.35         68.99           125.47
1898.13         69.01           100.52
1905.93         69.15           75.93
1913.77         69.45           51.06
1921.65         69.90           26.44
1929.55         70.47           1.68
1937.49         71.10           -23.14
1945.46         71.68           -47.68
1953.46         72.31           -71.69
1961.49         72.92           -95.27
1969.56         73.50           -118.43
1977.66         74.08           -141.30
1985.80         74.60           -163.76
1993.97         75.10           173.72
2002.17         75.61           151.23
2010.40         76.10           128.89
2018.67         76.57           106.16
2026.98         77.03           83.19
2035.32         77.45           60.48
2043.69         77.86           37.38
2052.09         78.22           14.38
2060.53         78.55           -8.51
2069.01         78.86           -31.71
2077.52         79.12           -54.85
2086.07         79.35           -78.02
2094.65         79.53           -101.33
2103.26         79.68           -124.72
2111.91         79.80           -147.92
2120.60         79.90           -171.25
2129.32         79.96           165.40
2138.08         80.00           141.94
2146.88         80.01           118.57
2155.71         79.99           94.96
2164.57         79.96           71.64
2173.48         79.89           48.25
2182.42         79.81           24.89
2191.40         79.70           1.49
2200.41         79.58           -21.90
2209.46         79.43           -45.48
2218.55         79.27           -69.09
2227.67         79.11           -92.76
2236.84         78.94           -116.57
2246.04         78.78           -140.56
2255.28         78.64           -164.70
2264.55         78.52           170.67
2273.87         78.42           145.70
2283.22         78.30           120.26
2292.61         78.19           94.49
2302.04         78.04           68.13
2311.51         77.90           41.18
2321.02         77.73           14.02
2330.57         77.55           -13.25
2340.15         77.39           -40.96
2349.78         77.28           -68.95
2359.44         77.20           -97.42
2369.15         77.20           -126.18
2378.89         77.21           -155.25
2388.68         77.28           175.28
2398.51         77.34           145.53
2408.37         77.43           115.77
2418.28         77.56           85.91
2428.22         77.76           55.96
2438.21         77.99           25.88
2448.24         78.24           -4.21
2458.31         78.45           -33.96
2468.42         78.70           -63.56
2478.58         78.99           -93.22
2488.77         79.32           -122.61
2499.01         79.69           -151.87
2509.29         80.07           179.05
2519.61         80.43           149.77
2529.97         80.74           120.28
2540.38         80.98           91.02
2550.83         81.18           61.88
2561.32         81.36           32.92
2571.86         81.54           4.04
2582.44         81.72           -24.71
2593.06         81.88           -53.39
2603.73         82.03           -82.21
2614.44         82.16           -111.22
2625.19         82.23           -140.40
2635.99         82.26           -169.64
2646.83         82.24           161.02
2657.72         82.17           131.81
2668.65         82.07           102.73
2679.63         81.94           73.72
2690.65         81.81           44.86
2701.72         81.68           15.98
2712.83         81.56           -13.02
2723.99         81.45           -42.45
2735.19         81.30           -72.13
2746.44         81.12           -102.27
2757.74         80.90           -132.52
2769.08         80.65           -163.04
2780.47         80.42           166.29
2791.91         80.23           135.28
2803.39         80.05           103.92
2814.93         79.91           72.16
2826.50         79.78           39.79
2838.13         79.67           6.69
2849.80         79.59           -27.00
2861.53         79.52           -61.18
2873.30         79.51           -95.83
2885.12         79.50           -131.09
2896.98         79.48           -166.63
2908.90         79.49           157.49
2920.87         79.50           121.62
2932.88         79.56           85.58
2944.94         79.66           49.55
2957.06         79.79           13.38
2969.22         79.90           -22.80
2981.43         80.01           -58.87
2993.70         80.13           -94.70
3006.01         80.24           -130.22
3018.38         80.34           -165.49
3030.79         80.44           159.51
3043.26         80.53           124.82
3055.78         80.59           90.31
3068.35         80.63           55.97
3080.97         80.65           21.89
3093.64         80.62           -11.91
3106.36         80.58           -45.49
3119.14         80.50           -78.80
3131.97         80.39           -111.85
3144.86         80.27           -144.65
3157.79         80.16           -177.33
3170.78         80.06           149.67
3183.82         79.94           116.35
3196.92         79.78           82.79
3210.07         79.59           49.23
3223.27         79.35           15.63
3236.53         79.10           -18.23
3249.84         78.85           -52.23
3263.21         78.59           -86.46
3276.63         78.34           -121.15
3290.11         78.09           -156.30
3303.64         77.85           167.92
3317.23         77.64           131.51
3330.88         77.43           94.13
3344.58         77.22           56.00
3358.34         77.03           17.24
3372.15         76.83           -22.13
3386.02         76.65           -61.85
3399.95         76.56           -102.01
3413.93         76.53           -142.53
3427.98         76.58           176.56
3442.08         76.68           135.34
3456.24         76.84           93.69
3470.45         77.06           52.09
3484.73         77.30           10.53
3499.06         77.60           -31.12
3513.45         77.88           -72.62
3527.91         78.13           -114.03
3542.42         78.37           -154.79
3556.99         78.61           164.82
3571.62         78.84           124.63
3586.31         79.04           84.87
3601.06         79.22           45.29
3615.87         79.34           5.86
3630.75         79.43           -33.52
3645.68         79.46           -72.55
3660.68         79.44           -111.40
3675.74         79.38           -149.99
3690.85         79.26           171.34
3706.04         79.10           132.81
3721.28         78.89           94.55
3736.59         78.67           56.62
3751.96         78.44           18.58
3767.39         78.21           -20.06
3782.89         77.92           -59.16
3798.45         77.59           -98.79
3814.07         77.23           -138.95
3829.76         76.82           179.92
3845.51         76.37           137.72
3861.33         75.90           94.56
3877.21         75.50           50.17
3893.16         75.12           4.89
3909.18         74.83           -41.28
3925.26         74.66           -88.17
3941.40         74.59           -135.93
3957.61         74.62           175.39
3973.89         74.68           126.02
3990.24         74.76           76.50
4006.65         74.89           27.21
4023.13         75.08           -21.96
4039.68         75.32           -70.72
4056.30         75.59           -119.28
4072.98         75.88           -167.17
4089.73         76.17           145.84
4106.56         76.46           99.85
4123.45         76.74           54.73
4140.41         77.01           10.29
4157.44         77.25           -33.69
4174.54         77.41           -77.25
4191.71         77.51           -120.23
4208.95         77.57           -162.78
4226.27         77.60           154.64
4243.65         77.61           111.99
4261.11         77.58           69.15
4278.63         77.47           25.95
4296.23         77.30           -17.44
4313.91         77.08           -60.86
4331.65         76.79           -104.54
4349.47         76.47           -148.65
4367.36         76.10           165.90
4385.32         75.64           119.38
4403.36         75.09           70.21
4421.47         74.46           16.37
4439.66         73.77           -39.36
4457.92         73.06           -95.80
4476.26         72.25           -151.97
4494.67         71.39           151.72
4513.16         70.40           95.22
4531.72         69.46           38.59
4550.36         68.69           -17.58
4569.08         68.15           -74.04
4587.87         67.89           -130.11
4606.75         67.98           174.00
4625.70         68.39           118.38
4644.72         68.97           63.82
4663.83         69.59           10.18
4683.01         70.25           -40.88
4702.27         70.83           -87.58
4721.62         71.37           -132.39
4741.04         71.87           -177.08
4760.54         72.26           137.97
4780.12         72.60           92.93
4799.78         72.87           47.67
4819.52         73.05           2.25
4839.35         73.15           -43.29
4859.25         73.21           -88.87
4879.24         73.22           -134.84
4899.31         73.20           179.12
4919.46         73.13           133.01
4939.70         73.01           85.82
4960.02         72.84           38.24
4980.42         72.57           -9.71
5000.91         72.23           -57.99
5021.48         71.79           -106.97
5042.13         71.25           -156.29
5062.87         70.65           152.66
5083.70         69.97           98.00
5104.61         69.23           39.84
5125.60         68.52           -19.17
5146.69         67.91           -78.67
5167.86         67.45           -138.90
5189.11         67.32           160.08
5210.46         67.41           98.09
5231.89         67.64           35.38
5253.41         68.08           -26.73
5275.02         68.72           -89.22
5296.72         69.42           -152.26
5318.50         70.10           144.33
5340.38         70.62           80.90
5362.35         71.10           17.84
5384.41         71.58           -44.03
5406.55         72.08           -102.73
5428.79         72.45           -158.43
5451.12         72.71           145.82
5473.54         72.89           89.92
5496.06         72.98           34.15
5518.67         72.96           -21.65
5541.37         72.87           -77.62
5564.16         72.71           -133.61
5587.05         72.46           169.41
5610.03         72.13           111.53
5633.10         71.72           52.42
5656.28         71.25           -8.87
5679.54         70.85           -71.33
5702.90         70.46           -135.29
5726.36         69.99           159.18
5749.92         69.43           92.86
5773.57         69.00           25.91
5797.32         68.68           -40.65
5821.16         68.67           -107.56
5845.11         68.92           -175.03
5869.15         69.26           116.94
5893.29         69.57           49.03
5917.53         69.92           -19.03
5941.87         70.34           -86.81
5966.31         70.76           -154.46
5990.86         71.08           138.70
6015.50         71.32           74.10
6040.24         71.50           10.25
6065.09         71.64           -52.78
6090.03         71.73           -115.40
6115.08         71.72           -177.86
6140.24         71.62           119.54
6165.49         71.50           56.54
6190.86         71.27           -7.85
6216.32         70.92           -73.06
6241.89         70.53           -139.59
6267.56         70.17           151.72
6293.34         69.80           81.37
6319.23         69.35           9.92
6345.22         68.87           -61.92
6371.32         68.52           -134.44
6397.53         68.38           152.39
6423.85         68.34           78.90
6450.27         68.38           4.84
6476.80         68.49           -68.84
6503.44         68.81           -142.67
6530.19         69.37           143.37
6557.05         69.84           68.37
6584.03         70.15           -5.87
6611.11         70.44           -79.15
6638.30         70.73           -151.31
6665.61         70.95           137.93
6693.02         71.12           67.96
6720.56         71.20           -1.51
6748.20         71.20           -70.90
6775.96         71.17           -140.65
6803.83         71.01           148.91
6831.81         70.79           77.98
6859.92         70.50           6.41
6888.13         70.17           -66.86
6916.47         69.71           -141.73
6944.92         69.06           140.94
6973.48         68.39           63.88
7002.17         67.86           -14.41
7030.97         67.35           -93.55
7059.89         66.79           -173.01
7088.93         66.37           107.43
7118.09         66.05           27.83
7147.37         65.91           -51.97
7176.77         66.23           -131.79
7206.29         66.73           148.44
7235.93         67.37           68.53
7265.69         67.94           -11.28
7295.58         68.54           -91.06
7325.59         69.06           -170.36
7355.72         69.42           111.24
7385.98         69.70           35.03
7416.36         69.95           -41.86
7446.86         70.10           -118.44
7477.49         70.20           164.09
7508.25         70.26           85.52
7539.13         70.27           5.70
7570.15         70.23           -75.66
7601.28         70.22           -158.26
7632.55         70.16           117.84
7663.94         70.08           33.48
7695.47         70.13           -51.88
7727.12         70.27           -138.61
7758.91         70.38           134.21
7790.82         70.55           46.77
7822.87         70.71           -41.35
7855.05         70.91           -130.21
7887.36         71.04           140.80
7919.80         71.20           51.44
7952.38         71.33           -38.00
7985.09         71.42           -127.41
8017.93         71.49           143.64
8050.91         71.59           54.49
8084.03         71.63           -34.89
8117.28         71.62           -124.81
8150.67         71.61           144.66
8184.20         71.47           54.16
8217.86         71.31           -36.54
8251.66         71.15           -127.94
8285.60         70.91           139.97
8319.68         70.71           47.52
8353.91         70.47           -45.60
8388.27         70.24           -139.25
8422.77         70.02           127.22
8457.42         69.84           33.29
8492.21         69.71           -62.04
8527.14         69.60           -157.78
8562.21         69.41           106.90
8597.43         69.34           11.35
8632.79         69.29           -84.51
8668.30         69.21           179.71
8703.96         69.16           83.53
8739.76         69.01           -12.54
8775.71         68.85           -108.28
8811.81         68.63           156.02
8848.05         68.40           60.22
8884.45         68.14           -35.99
8920.99         67.86           -131.96
8957.69         67.57           130.45
8994.54         67.20           31.33
9031.53         66.88           -69.24
9068.68         66.56           -170.99
9105.98         66.43           86.63
9143.44         66.29           -16.17
9181.05         66.30           -118.53
9218.82         66.28           139.06
9256.74         66.25           37.31
9294.81         66.39           -64.24
9333.04         66.43           -165.74
9371.43         66.59           93.03
9409.98         66.73           -8.06
9448.69         66.90           -108.08
9487.55         67.03           151.88
9526.58         67.07           54.29
9565.76         67.12           -40.18
9605.11         67.13           -130.27
9644.62         67.23           142.62
9684.29         67.32           56.96
9724.13         67.42           -27.59
9764.12         67.44           -111.77
9804.29         67.63           164.07
9844.61         67.87           79.73
9885.11         67.97           -4.81
9925.77         68.17           -89.40
9966.60         68.36           -174.42
10007.59        68.51           100.76
10048.76        68.59           16.08
10090.09        68.68           -68.74
10131.59        68.83           -154.52
10173.27        68.98           119.03
10215.12        69.08           31.59
10257.13        69.13           -57.24
10299.32        69.18           -146.88
10341.69        69.22           123.95
10384.23        69.26           34.62
10426.94        69.21           -55.31
10469.83        69.16           -145.30
10512.90        69.13           124.58
10556.14        69.02           34.31
10599.56        68.84           -55.93
10643.16        68.67           -146.46
10686.94        68.56           122.84
10730.90        68.42           31.83
10775.04        68.31           -59.09
10819.36        68.25           -150.54
10863.86        68.25           117.58
10908.55        68.19           25.16
10953.42        68.05           -67.88
10998.47        67.87           -161.92
11043.71        67.61           104.32
11089.14        67.29           10.87
11134.75        66.96           -82.93
11180.55        66.58           -176.73
11226.54        66.19           88.81
11272.72        65.85           -5.40
11319.09        65.60           -99.96
11365.65        65.48           166.21
11412.40        65.38           71.29
11459.34        65.31           -23.52
11506.48        65.20           -119.17
11553.81        65.04           144.78
11601.33        64.97           47.75
11649.05        64.91           -48.65
11696.97        64.77           -145.69
11745.08        64.71           116.69
11793.39        64.59           17.95
11841.90        64.37           -81.08
11890.61        64.18           179.80
11939.52        63.98           80.48
11988.63        63.91           -19.31
12037.95        63.89           -118.72
12087.46        63.68           140.93
12137.18        63.68           40.01
12187.11        63.66           -62.22
12237.24        63.55           -164.00
12287.57        63.52           92.97
12338.12        63.47           -10.09
12388.87        63.40           -114.24
12439.83        63.21           140.81
12490.99        62.93           34.96
12542.37        62.74           -70.07
12593.96        62.41           -157.44
12645.77        62.14           154.31
12697.78        62.05           147.12
12750.01        62.06           139.65
12802.46        61.89           131.16
12855.12        61.92           120.43
12908.00        61.87           110.16
12961.09        61.73           101.19
13014.40        61.54           113.40
13067.94        61.49           126.25
13121.69        61.33           138.61
13175.66        61.08           141.39
13229.86        61.00           131.36
13284.28        61.00           121.52
13338.92        61.01           101.08
13393.79        61.30           47.12
13448.88        61.69           -46.68
13504.20        61.86           177.04
13559.75        62.05           39.43
13615.52        62.12           -98.23
13671.53        62.13           148.95
13727.76        62.23           35.95
13784.23        62.53           -78.61
13840.93        62.90           143.66
13897.86        63.25           4.02
13955.03        63.73           -136.05
14012.43        64.00           92.25
14070.06        64.29           -27.86
14127.94        64.49           -148.76
14186.05        64.64           103.54
14244.40        64.68           30.38
14303.00        64.64           -43.79
14361.83        64.59           -117.26
14420.90        64.55           169.73
14480.22        64.69           95.65
14539.78        64.80           -4.19
14599.59        64.87           -105.14
14659.64        64.81           152.94
14719.94        64.67           50.03
14780.49        64.43           -52.74
14841.29        64.03           -154.34
14902.33        63.78           96.70
14963.63        63.46           -29.09
15025.18        63.18           -154.93
15086.98        63.02           73.86
15149.04        62.90           -77.51
15211.35        62.78           135.67
15273.92        62.75           2.58
15336.75        62.56           -92.94
15399.83        62.16           -102.92
15463.18        61.78           -78.85
15526.78        61.31           -53.96
15590.65        60.95           -7.18
15654.78        60.75           42.45
15719.17        60.54           23.25
15783.83        60.49           -41.65
15848.75        60.36           -47.84
15913.95        60.19           -38.36
15979.40        60.08           -56.37
16045.13        59.94           -80.70
16111.13        59.66           -97.93
16177.40        59.49           -119.30
16243.95        59.24           -166.31
16310.76        59.15           60.79
16377.85        59.12           163.02
16445.22        59.14           -158.29
16512.87        59.28           -70.28
16580.79        59.29           27.73
16648.99        59.12           135.50
16717.47        59.07           -70.32
16786.23        59.06           -134.50
16855.28        59.09           107.16
16924.61        59.19           17.74
16994.23        59.29           -27.81
17064.13        59.21           -93.82
17134.32        59.37           -168.74
17204.80        59.34           142.89
17275.57        59.33           -158.25
17346.63        59.35           -32.25
17417.98        59.35           152.47
17489.63        59.42           -35.54
17561.57        59.39           62.77
17633.80        59.34           109.35
17706.34        59.38           135.57
17779.17        59.41           159.29
17852.30        59.46           55.63
17925.73        59.57           -83.48
17999.47        59.69           81.63
18073.50        59.67           -110.11
18147.85        59.76           100.29
18222.49        59.76           -82.05
18297.45        59.87           60.25
18372.71        60.03           118.21
18448.29        60.27           141.29
18524.17        60.42           112.84
18600.36        60.47           130.23
18676.87        60.57           167.45
18753.70        60.76           -139.57
18830.84        60.82           -52.92
18908.29        60.91           54.16
18986.07        60.88           165.95
19064.17        60.84           2.99
19142.58        60.87           -89.89
19221.32        60.99           141.54
19300.38        60.98           -45.94
19379.77        60.95           -172.73
19459.49        60.93           57.38
19539.53        60.85           -101.39
19619.90        60.73           121.18
19700.61        60.75           -33.46
19781.64        60.70           172.50
19863.01        60.57           14.29
19944.71        60.43           176.48
20026.75        60.33           -71.98
20109.13        60.22           -5.40
20191.84        60.17           110.94
20274.90        60.14           169.80
20358.29        59.98           -153.36
20442.04        59.77           -46.21
20526.12        59.77           77.25
20610.55        59.74           -163.28
20695.33        59.68           9.49
20780.45        59.68           -150.16
20865.93        59.65           143.75
20951.76        59.48           169.82
21037.94        59.40           138.39
21124.47        59.44           95.77
21211.37        59.41           53.31
21298.62        59.41           28.88
21386.22        59.45           49.86
21474.19        59.52           34.62
21562.52        59.50           -10.92
21651.22        59.55           -70.32
21740.28        59.62           177.00
21829.70        59.64           120.09
21919.49        59.63           58.29
22009.65        59.74           -11.49
22100.19        59.73           -97.31
22191.09        59.68           53.44
22282.37        59.69           179.18
22374.03        59.80           92.29
22466.06        59.85           19.60
22558.47        59.82           -38.63
22651.26        59.83           -104.64
22744.43        59.83           110.95
22837.98        59.84           -20.04
22931.92        59.84           -48.81
23026.25        59.82           -23.79
23120.96        59.91           32.41
23216.07        59.92           64.84
23311.56        59.98           109.97
23407.45        59.98           123.06
23503.73        60.05           119.24
23600.41        60.12           -177.81
23697.49        60.19           -83.27
23794.96        60.18           -70.77
23892.84        60.12           -20.83
23991.12        60.21           94.14
24089.80        60.26           -106.01
24188.89        60.30           129.27
24288.39        60.30           51.77
24388.29        60.39           -9.30
24488.61        60.44           -100.52
24589.34        60.38           -144.08
24690.48        60.35           174.58
24792.04        60.31           151.07
24894.02        60.30           137.15
24996.42        60.32           -144.25
25099.24        60.38           -118.00
25202.48        60.43           -141.54
25306.14        60.47           161.88
25410.23        60.51           115.27
25514.75        60.50           81.34
25619.71        60.48           45.14
25725.09        60.52           72.02
25830.90        60.55           56.53
25937.15        60.50           -57.54
26043.84        60.60           -170.24
26150.97        60.65           -18.98
26258.53        60.65           137.04
26366.54        60.71           -25.63
26475.00        60.72           179.61
26583.90        60.67           -45.18
26693.24        60.67           46.89
26803.04        60.62           94.79
26913.29        60.60           134.11
27023.99        60.70           133.35
27135.15        60.73           163.14
27246.77        60.81           -163.77
27358.84        60.80           141.60
27471.38        60.82           31.57
27584.38        60.80           -26.30
27697.84        60.80           -80.46
27811.77        60.84           -38.35
27926.17        60.93           -5.76
28041.04        61.00           -97.70
28156.38        61.03           117.01
28272.19        61.15           -142.90
28388.49        61.17           5.24
28505.26        61.21           -71.38
28622.51        61.26           -143.65
28740.24        61.26           142.50
28858.46        61.26           23.40
28977.16        61.29           -109.64
29096.36        61.27           -91.76
29216.04        61.29           84.70
29336.21        61.39           -127.70
29456.88        61.36           1.76
29578.05        61.34           48.81
29699.71        61.36           179.77
29821.88        61.30           62.63
29944.54        61.30           -73.85
30067.71        61.24           -149.64
30191.39        61.20           -151.43
30315.58        61.22           72.57
30440.28        61.30           -81.08
30565.49        61.25           -159.61
30691.21        61.34           57.07
30817.46        61.33           -150.32
30944.22        61.36           -153.86
31071.50        61.44           90.08
31199.31        61.47           -77.10
31327.64        61.49           95.31
31456.50        61.52           -12.13
31585.89        61.48           -179.97
31715.81        61.52           -81.76
31846.27        61.53           102.98
31977.26        61.54           26.88
32108.80        61.56           -18.07
32240.87        61.60           15.64
32373.49        61.55           62.64
32506.65        61.70           114.70
32640.36        61.64           -136.60
32774.62        61.70           0.38
32909.43        61.79           145.77
33044.80        61.75           -101.45
33180.72        61.79           52.43
33317.21        61.86           -55.45
33454.25        61.87           104.53
33591.86        61.90           -169.75
33730.04        61.98           -50.92
33868.78        62.01           -56.18
34008.09        62.03           148.04
34147.98        62.09           158.54
34288.44        62.04           63.41
34429.48        62.06           16.70
34571.10        61.99           -131.02
34713.30        62.05           78.77
34856.09        62.07           179.68
34999.46        62.13           -7.75
35143.43        62.23           -80.04
35287.98        62.24           -135.89
35433.13        62.21           141.10
35578.88        62.23           -19.70
35725.23        62.27           -128.06
35872.18        62.31           131.54
36019.73        62.45           90.03
36167.89        62.51           -123.49
36316.66        62.53           159.82
36466.04        62.64           177.96
36616.04        62.71           139.43
36766.65        62.73           38.73
36917.89        62.80           -149.11
37069.74        62.82           130.65
37222.22        62.80           -39.30
37375.33        62.74           -9.38
37529.07        62.73           101.43
37683.43        62.79           -121.39
37838.44        62.87           92.69
37994.08        62.88           -132.63
38150.36        62.91           -12.23
38307.29        62.83           88.92
38464.86        62.90           -25.58
38623.07        62.97           69.83
38781.94        62.99           150.78
38941.46        63.03           -103.89
39101.64        63.10           41.73
39262.48        63.16           -35.75
39423.98        63.19           -40.62
39586.14        63.23           -63.39
39748.98        63.31           55.38
39912.48        63.38           138.44
40076.65        63.45           121.21
40241.50        63.45           -178.98
40407.02        63.55           -32.55
40573.23        63.57           105.77
40740.12        63.60           63.65
40907.70        63.59           144.21
41075.96        63.62           -84.30
41244.92        63.65           7.38
41414.57        63.68           160.83
41584.93        63.69           129.20
41755.98        63.69           116.56
41927.73        63.74           -26.64
42100.19        63.82           -75.31
42273.36        63.86           -160.23
42447.25        63.92           -147.87
42621.84        63.95           -69.38
42797.16        64.10           -65.75
42973.20        64.17           176.65
43149.96        64.23           91.43
43327.45        64.35           -142.32
43505.67        64.43           -37.20
43684.62        64.48           158.02
43864.31        64.50           73.73
44044.74        64.56           -13.78
44225.91        64.64           127.09
44407.82        64.70           159.23
44590.49        64.77           2.54
